     -0.1100E-002     -0.1131E-002     -0.6827E-003     -0.1120E-002     -0.4859E-002     -0.8327E-002     -0.1252E-001     -0.1127E-001     -0.2182E-002     -0.5144E-002     -0.3649E-002     -0.3471E-002     -0.2909E-002     -0.3407E-002     -0.3968E-002     -0.9056E-003     -0.1005E-002     -0.1198E-002     -0.8517E-003     -0.2071E-002     -0.4813E-002     -0.1893E-002     -0.1052E-002     -0.6984E-003     -0.9624E-004     -0.2259E-003     -0.4863E-004     -0.1040E-003     -0.5144E-003     -0.2964E-003     -0.1514E-003     -0.3144E-003     -0.2269E-002     -0.1730E-002     -0.1738E-003     -0.1520E-003     -0.2000E-003     -0.3782E-004     -0.3383E-005     -0.2481E-005     -0.1090E-004
     -0.7275E-005     -0.2516E-004     -0.5787E-005     -0.1486E-005     -0.4148E-006     -0.1134E-007     -0.1151E-006     -0.4973E-007     -0.2601E-008
     -0.4095E+000     -0.4637E+000     -0.3272E+000     -0.4489E+000     -0.4752E+000     -0.7498E+000     -0.1363E+001     -0.1366E+001     -0.4143E+000     -0.7083E+000     -0.7223E+000     -0.7069E+000     -0.6466E+000     -0.9474E+000     -0.9207E+000     -0.3162E+000     -0.3433E+000     -0.2766E+000     -0.2710E+000     -0.6218E+000     -0.9005E+000     -0.4295E+000     -0.2732E+000     -0.1475E+000     -0.5886E-001     -0.1094E+000     -0.3922E-001     -0.6020E-001     -0.1232E+000     -0.1062E+000     -0.7285E-001     -0.8478E-001     -0.1833E+000     -0.1283E+000     -0.5129E-001     -0.9174E-001     -0.8504E-001     -0.2661E-001     -0.6707E-002     -0.6828E-002     -0.1267E-001
     -0.6756E-002     -0.1642E-001     -0.5173E-002     -0.3186E-002     -0.9768E-003     -0.1964E-004     -0.8445E-004     -0.3993E-004     -0.2324E-005
     -0.1319E+002     -0.1526E+002     -0.1196E+002     -0.1331E+002     -0.1125E+002     -0.1368E+002     -0.2154E+002     -0.2306E+002     -0.1151E+002     -0.1327E+002     -0.1496E+002     -0.1503E+002     -0.1501E+002     -0.1965E+002     -0.1852E+002     -0.1009E+002     -0.1033E+002     -0.8851E+001     -0.9334E+001     -0.1596E+002     -0.1673E+002     -0.9590E+001     -0.9438E+001     -0.6099E+001     -0.4043E+001     -0.4575E+001     -0.2958E+001     -0.4145E+001     -0.5112E+001     -0.4146E+001     -0.3241E+001     -0.3183E+001     -0.3312E+001     -0.1860E+001     -0.1917E+001     -0.4796E+001     -0.3979E+001     -0.1651E+001     -0.7718E+000     -0.8932E+000     -0.9153E+000
     -0.3922E+000     -0.7066E+000     -0.4533E+000     -0.3558E+000     -0.1122E+000     -0.2776E-002     -0.3409E-003      0.1273E-004      0.2067E-004
     -0.5887E+002     -0.5706E+002     -0.5502E+002     -0.5619E+002     -0.5550E+002     -0.5622E+002     -0.5493E+002     -0.5567E+002     -0.5400E+002     -0.5515E+002     -0.5527E+002     -0.5634E+002     -0.5395E+002     -0.5458E+002     -0.5438E+002     -0.5240E+002     -0.5403E+002     -0.5484E+002     -0.5081E+002     -0.5514E+002     -0.5340E+002     -0.4782E+002     -0.5539E+002     -0.4729E+002     -0.4270E+002     -0.4172E+002     -0.3472E+002     -0.4150E+002     -0.4488E+002     -0.3809E+002     -0.3149E+002     -0.3098E+002     -0.3072E+002     -0.2069E+002     -0.2080E+002     -0.3496E+002     -0.2977E+002     -0.1678E+002     -0.1239E+002     -0.1234E+002     -0.1145E+002
     -0.6872E+001     -0.7731E+001     -0.7455E+001     -0.5540E+001     -0.1797E+001     -0.1049E+000      0.2476E-001      0.1754E-001      0.9990E-003
     -0.5623E+002     -0.5151E+002     -0.5283E+002     -0.5096E+002     -0.5043E+002     -0.5184E+002     -0.5083E+002     -0.5093E+002     -0.5095E+002     -0.5001E+002     -0.5037E+002     -0.5029E+002     -0.5004E+002     -0.4973E+002     -0.4952E+002     -0.4864E+002     -0.4826E+002     -0.4859E+002     -0.4900E+002     -0.4712E+002     -0.4752E+002     -0.4813E+002     -0.4728E+002     -0.4806E+002     -0.4955E+002     -0.4936E+002     -0.4853E+002     -0.4699E+002     -0.4582E+002     -0.4553E+002     -0.4659E+002     -0.4669E+002     -0.4690E+002     -0.4540E+002     -0.4535E+002     -0.4684E+002     -0.4760E+002     -0.4740E+002     -0.4703E+002     -0.4224E+002     -0.4182E+002
     -0.3568E+002     -0.3343E+002     -0.3465E+002     -0.2729E+002     -0.1151E+002     -0.1238E+001      0.1820E+000      0.5915E-001      0.6570E-002
     -0.5732E+002     -0.5215E+002     -0.5347E+002     -0.5133E+002     -0.5042E+002     -0.5185E+002     -0.5244E+002     -0.5258E+002     -0.5163E+002     -0.5160E+002     -0.5149E+002     -0.5178E+002     -0.4957E+002     -0.4837E+002     -0.4979E+002     -0.4966E+002     -0.4875E+002     -0.4958E+002     -0.4969E+002     -0.4995E+002     -0.4794E+002     -0.4684E+002     -0.4982E+002     -0.5063E+002     -0.4827E+002     -0.4667E+002     -0.4595E+002     -0.4629E+002     -0.4495E+002     -0.4332E+002     -0.4353E+002     -0.4281E+002     -0.4156E+002     -0.4172E+002     -0.3911E+002     -0.3784E+002     -0.3644E+002     -0.3893E+002     -0.4057E+002     -0.4396E+002     -0.4840E+002
     -0.5060E+002     -0.4648E+002     -0.4857E+002     -0.4587E+002     -0.2930E+002     -0.3812E+001      0.6583E+000      0.8619E-001      0.5655E-001
     -0.5769E+002     -0.5351E+002     -0.5355E+002     -0.5350E+002     -0.5190E+002     -0.5216E+002     -0.5369E+002     -0.5293E+002     -0.5261E+002     -0.5131E+002     -0.5169E+002     -0.5071E+002     -0.4926E+002     -0.5041E+002     -0.5015E+002     -0.4990E+002     -0.4954E+002     -0.4853E+002     -0.5076E+002     -0.5105E+002     -0.4920E+002     -0.4841E+002     -0.5071E+002     -0.5004E+002     -0.4841E+002     -0.4778E+002     -0.4755E+002     -0.4695E+002     -0.4678E+002     -0.4553E+002     -0.4378E+002     -0.4539E+002     -0.4451E+002     -0.4276E+002     -0.4154E+002     -0.4031E+002     -0.3782E+002     -0.3779E+002     -0.3668E+002     -0.3994E+002     -0.4275E+002
     -0.4545E+002     -0.4400E+002     -0.4239E+002     -0.4656E+002     -0.3588E+002     -0.6095E+001      0.1533E+001     -0.2820E-001      0.1235E+000
     -0.5868E+002     -0.5364E+002     -0.5432E+002     -0.5438E+002     -0.5295E+002     -0.5322E+002     -0.5378E+002     -0.5290E+002     -0.5305E+002     -0.5335E+002     -0.5150E+002     -0.5139E+002     -0.5157E+002     -0.5190E+002     -0.5094E+002     -0.5043E+002     -0.5007E+002     -0.4940E+002     -0.5120E+002     -0.5075E+002     -0.5068E+002     -0.4962E+002     -0.4992E+002     -0.5003E+002     -0.4961E+002     -0.4909E+002     -0.4914E+002     -0.4849E+002     -0.4755E+002     -0.4736E+002     -0.4593E+002     -0.4605E+002     -0.4563E+002     -0.4404E+002     -0.4348E+002     -0.4007E+002     -0.4082E+002     -0.4034E+002     -0.3884E+002     -0.4159E+002     -0.4411E+002
     -0.4471E+002     -0.4815E+002     -0.4380E+002     -0.4638E+002     -0.3999E+002     -0.9283E+001      0.2825E+001     -0.3494E+000      0.1846E+000
     -0.5922E+002     -0.5359E+002     -0.5488E+002     -0.5430E+002     -0.5448E+002     -0.5422E+002     -0.5385E+002     -0.5410E+002     -0.5340E+002     -0.5345E+002     -0.5277E+002     -0.5289E+002     -0.5305E+002     -0.5204E+002     -0.5243E+002     -0.5183E+002     -0.5133E+002     -0.5159E+002     -0.5204E+002     -0.5115E+002     -0.5159E+002     -0.5137E+002     -0.4989E+002     -0.5014E+002     -0.4947E+002     -0.4921E+002     -0.4841E+002     -0.4944E+002     -0.4900E+002     -0.4867E+002     -0.4872E+002     -0.4698E+002     -0.4740E+002     -0.4511E+002     -0.4437E+002     -0.4114E+002     -0.4098E+002     -0.4038E+002     -0.3933E+002     -0.3831E+002     -0.4259E+002
     -0.4751E+002     -0.5007E+002     -0.4609E+002     -0.4662E+002     -0.4455E+002     -0.1562E+002      0.3148E+001     -0.5039E+000      0.2205E+000
     -0.5914E+002     -0.5386E+002     -0.5657E+002     -0.5448E+002     -0.5512E+002     -0.5454E+002     -0.5451E+002     -0.5480E+002     -0.5454E+002     -0.5383E+002     -0.5446E+002     -0.5473E+002     -0.5349E+002     -0.5343E+002     -0.5323E+002     -0.5292E+002     -0.5247E+002     -0.5273E+002     -0.5129E+002     -0.5138E+002     -0.5164E+002     -0.5225E+002     -0.4983E+002     -0.4946E+002     -0.5103E+002     -0.5038E+002     -0.4914E+002     -0.4996E+002     -0.5011E+002     -0.4885E+002     -0.4829E+002     -0.4806E+002     -0.4656E+002     -0.4638E+002     -0.4493E+002     -0.4295E+002     -0.4120E+002     -0.4117E+002     -0.4064E+002     -0.3704E+002     -0.3852E+002
     -0.4571E+002     -0.5062E+002     -0.4970E+002     -0.4523E+002     -0.4908E+002     -0.2375E+002      0.7979E+000     -0.2985E+000      0.1773E+000
     -0.5943E+002     -0.5404E+002     -0.5637E+002     -0.5494E+002     -0.5569E+002     -0.5537E+002     -0.5497E+002     -0.5462E+002     -0.5564E+002     -0.5522E+002     -0.5531E+002     -0.5528E+002     -0.5450E+002     -0.5416E+002     -0.5368E+002     -0.5311E+002     -0.5306E+002     -0.5314E+002     -0.5187E+002     -0.5092E+002     -0.5110E+002     -0.5142E+002     -0.5061E+002     -0.4996E+002     -0.5194E+002     -0.5095E+002     -0.5028E+002     -0.5009E+002     -0.5020E+002     -0.4941E+002     -0.4881E+002     -0.4861E+002     -0.4735E+002     -0.4573E+002     -0.4476E+002     -0.4477E+002     -0.4302E+002     -0.4304E+002     -0.4087E+002     -0.3937E+002     -0.3734E+002
     -0.3837E+002     -0.4956E+002     -0.4718E+002     -0.4632E+002     -0.5223E+002     -0.2895E+002     -0.1493E+001      0.2605E-001      0.1268E+000
     -0.6029E+002     -0.5502E+002     -0.5622E+002     -0.5605E+002     -0.5526E+002     -0.5563E+002     -0.5558E+002     -0.5557E+002     -0.5534E+002     -0.5526E+002     -0.5544E+002     -0.5491E+002     -0.5582E+002     -0.5390E+002     -0.5351E+002     -0.5381E+002     -0.5427E+002     -0.5442E+002     -0.5302E+002     -0.5295E+002     -0.5295E+002     -0.5320E+002     -0.5264E+002     -0.5237E+002     -0.5221E+002     -0.5199E+002     -0.5203E+002     -0.5195E+002     -0.5060E+002     -0.5012E+002     -0.5000E+002     -0.4853E+002     -0.4915E+002     -0.4704E+002     -0.4600E+002     -0.4593E+002     -0.4479E+002     -0.4461E+002     -0.4302E+002     -0.3989E+002     -0.3926E+002
     -0.3515E+002     -0.4531E+002     -0.4686E+002     -0.4477E+002     -0.5051E+002     -0.3428E+002     -0.3973E+001      0.1416E+000      0.1676E-001
     -0.6101E+002     -0.5594E+002     -0.5663E+002     -0.5694E+002     -0.5703E+002     -0.5677E+002     -0.5606E+002     -0.5587E+002     -0.5576E+002     -0.5655E+002     -0.5621E+002     -0.5534E+002     -0.5574E+002     -0.5569E+002     -0.5435E+002     -0.5472E+002     -0.5483E+002     -0.5468E+002     -0.5396E+002     -0.5456E+002     -0.5378E+002     -0.5352E+002     -0.5363E+002     -0.5359E+002     -0.5381E+002     -0.5301E+002     -0.5260E+002     -0.5195E+002     -0.5122E+002     -0.5098E+002     -0.5024E+002     -0.4920E+002     -0.4898E+002     -0.4918E+002     -0.4726E+002     -0.4672E+002     -0.4653E+002     -0.4661E+002     -0.4503E+002     -0.4126E+002     -0.4146E+002
     -0.3714E+002     -0.3753E+002     -0.4479E+002     -0.4114E+002     -0.4618E+002     -0.3972E+002     -0.7139E+001      0.7887E+000     -0.1443E+000
     -0.6048E+002     -0.5733E+002     -0.5750E+002     -0.5715E+002     -0.5763E+002     -0.5678E+002     -0.5698E+002     -0.5613E+002     -0.5564E+002     -0.5633E+002     -0.5676E+002     -0.5566E+002     -0.5581E+002     -0.5674E+002     -0.5606E+002     -0.5531E+002     -0.5565E+002     -0.5526E+002     -0.5497E+002     -0.5555E+002     -0.5461E+002     -0.5353E+002     -0.5447E+002     -0.5421E+002     -0.5488E+002     -0.5445E+002     -0.5417E+002     -0.5260E+002     -0.5210E+002     -0.5200E+002     -0.5041E+002     -0.4904E+002     -0.4919E+002     -0.5020E+002     -0.4828E+002     -0.4852E+002     -0.4937E+002     -0.4753E+002     -0.4552E+002     -0.4579E+002     -0.4415E+002
     -0.4362E+002     -0.3783E+002     -0.3833E+002     -0.3926E+002     -0.4392E+002     -0.4259E+002     -0.1039E+002      0.1697E+001     -0.2229E+000
     -0.6343E+002     -0.5746E+002     -0.5806E+002     -0.5775E+002     -0.5793E+002     -0.5792E+002     -0.5717E+002     -0.5702E+002     -0.5661E+002     -0.5654E+002     -0.5679E+002     -0.5650E+002     -0.5603E+002     -0.5667E+002     -0.5731E+002     -0.5690E+002     -0.5668E+002     -0.5609E+002     -0.5616E+002     -0.5606E+002     -0.5563E+002     -0.5440E+002     -0.5516E+002     -0.5501E+002     -0.5475E+002     -0.5543E+002     -0.5450E+002     -0.5434E+002     -0.5382E+002     -0.5372E+002     -0.5181E+002     -0.5104E+002     -0.5068E+002     -0.5164E+002     -0.4984E+002     -0.5002E+002     -0.5040E+002     -0.4872E+002     -0.4809E+002     -0.4703E+002     -0.4645E+002
     -0.4651E+002     -0.4140E+002     -0.3991E+002     -0.4230E+002     -0.4307E+002     -0.4641E+002     -0.1583E+002      0.2492E+001     -0.1480E+000
     -0.5237E+002     -0.6066E+002     -0.5817E+002     -0.5842E+002     -0.5821E+002     -0.5853E+002     -0.5827E+002     -0.5830E+002     -0.5814E+002     -0.5734E+002     -0.5756E+002     -0.5749E+002     -0.5678E+002     -0.5710E+002     -0.5767E+002     -0.5747E+002     -0.5720E+002     -0.5697E+002     -0.5680E+002     -0.5669E+002     -0.5645E+002     -0.5636E+002     -0.5592E+002     -0.5616E+002     -0.5607E+002     -0.5635E+002     -0.5596E+002     -0.5565E+002     -0.5557E+002     -0.5532E+002     -0.5493E+002     -0.5399E+002     -0.5304E+002     -0.5162E+002     -0.5248E+002     -0.5140E+002     -0.5133E+002     -0.5055E+002     -0.4905E+002     -0.4821E+002     -0.4789E+002
     -0.4726E+002     -0.4418E+002     -0.4281E+002     -0.4110E+002     -0.4540E+002     -0.4968E+002     -0.2185E+002      0.2502E+001     -0.5843E-001
     -0.2438E+002     -0.6417E+002     -0.5840E+002     -0.5961E+002     -0.5915E+002     -0.5927E+002     -0.5925E+002     -0.5917E+002     -0.5887E+002     -0.5857E+002     -0.5843E+002     -0.5839E+002     -0.5816E+002     -0.5832E+002     -0.5814E+002     -0.5774E+002     -0.5787E+002     -0.5788E+002     -0.5757E+002     -0.5810E+002     -0.5762E+002     -0.5777E+002     -0.5675E+002     -0.5690E+002     -0.5697E+002     -0.5738E+002     -0.5699E+002     -0.5635E+002     -0.5599E+002     -0.5639E+002     -0.5592E+002     -0.5560E+002     -0.5509E+002     -0.5387E+002     -0.5365E+002     -0.5330E+002     -0.5250E+002     -0.5259E+002     -0.5136E+002     -0.5040E+002     -0.4979E+002
     -0.4856E+002     -0.4654E+002     -0.4266E+002     -0.4446E+002     -0.4849E+002     -0.5242E+002     -0.2885E+002      0.1491E+001      0.1427E+000
     -0.9056E+001     -0.6447E+002     -0.5900E+002     -0.6038E+002     -0.5971E+002     -0.6001E+002     -0.5971E+002     -0.5994E+002     -0.5999E+002     -0.5932E+002     -0.5860E+002     -0.5941E+002     -0.5865E+002     -0.5887E+002     -0.5917E+002     -0.5812E+002     -0.5861E+002     -0.5857E+002     -0.5828E+002     -0.5858E+002     -0.5882E+002     -0.5889E+002     -0.5807E+002     -0.5801E+002     -0.5781E+002     -0.5770E+002     -0.5777E+002     -0.5754E+002     -0.5721E+002     -0.5713E+002     -0.5675E+002     -0.5658E+002     -0.5565E+002     -0.5526E+002     -0.5439E+002     -0.5501E+002     -0.5445E+002     -0.5446E+002     -0.5269E+002     -0.5120E+002     -0.5095E+002
     -0.4986E+002     -0.4953E+002     -0.4661E+002     -0.4478E+002     -0.4726E+002     -0.5347E+002     -0.3416E+002      0.9751E-001      0.4006E+000
     -0.3591E+001     -0.4821E+002     -0.6429E+002     -0.5923E+002     -0.6132E+002     -0.6046E+002     -0.6060E+002     -0.6046E+002     -0.6059E+002     -0.6006E+002     -0.5969E+002     -0.5998E+002     -0.5959E+002     -0.5924E+002     -0.5945E+002     -0.5955E+002     -0.5943E+002     -0.5886E+002     -0.5927E+002     -0.5966E+002     -0.5958E+002     -0.5909E+002     -0.5897E+002     -0.5878E+002     -0.5852E+002     -0.5827E+002     -0.5837E+002     -0.5867E+002     -0.5808E+002     -0.5770E+002     -0.5731E+002     -0.5753E+002     -0.5740E+002     -0.5666E+002     -0.5595E+002     -0.5612E+002     -0.5412E+002     -0.5489E+002     -0.5502E+002     -0.5368E+002     -0.5283E+002
     -0.5154E+002     -0.5077E+002     -0.4933E+002     -0.4802E+002     -0.4704E+002     -0.5155E+002     -0.3913E+002     -0.1489E+001      0.5475E+000
     -0.1294E+001     -0.2609E+002     -0.6611E+002     -0.6027E+002     -0.6122E+002     -0.6128E+002     -0.6116E+002     -0.6100E+002     -0.6058E+002     -0.6065E+002     -0.6034E+002     -0.6027E+002     -0.6063E+002     -0.5983E+002     -0.5987E+002     -0.6029E+002     -0.5990E+002     -0.6028E+002     -0.6017E+002     -0.5980E+002     -0.5951E+002     -0.5980E+002     -0.5958E+002     -0.5930E+002     -0.5908E+002     -0.5931E+002     -0.5956E+002     -0.5919E+002     -0.5882E+002     -0.5918E+002     -0.5874E+002     -0.5882E+002     -0.5844E+002     -0.5780E+002     -0.5781E+002     -0.5689E+002     -0.5571E+002     -0.5619E+002     -0.5648E+002     -0.5554E+002     -0.5456E+002
     -0.5390E+002     -0.5286E+002     -0.5143E+002     -0.4983E+002     -0.4742E+002     -0.4895E+002     -0.4608E+002     -0.3231E+001      0.6933E+000
     -0.2685E+000     -0.9255E+001     -0.4169E+002     -0.6759E+002     -0.5991E+002     -0.6190E+002     -0.6151E+002     -0.6150E+002     -0.6142E+002     -0.6139E+002     -0.6123E+002     -0.6077E+002     -0.6102E+002     -0.6072E+002     -0.6028E+002     -0.6056E+002     -0.6054E+002     -0.6055E+002     -0.6069E+002     -0.6024E+002     -0.6049E+002     -0.6059E+002     -0.6035E+002     -0.6022E+002     -0.5989E+002     -0.5996E+002     -0.5981E+002     -0.5996E+002     -0.5993E+002     -0.5985E+002     -0.5988E+002     -0.5982E+002     -0.5931E+002     -0.5893E+002     -0.5860E+002     -0.5839E+002     -0.5757E+002     -0.5636E+002     -0.5636E+002     -0.5656E+002     -0.5639E+002
     -0.5548E+002     -0.5432E+002     -0.5257E+002     -0.5194E+002     -0.4985E+002     -0.4983E+002     -0.4866E+002     -0.6534E+001      0.7812E+000
     -0.4809E-001     -0.2460E+001     -0.1756E+002     -0.5473E+002     -0.6456E+002     -0.6089E+002     -0.6231E+002     -0.6167E+002     -0.6217E+002     -0.6192E+002     -0.6179E+002     -0.6148E+002     -0.6134E+002     -0.6141E+002     -0.6078E+002     -0.6100E+002     -0.6102E+002     -0.6107E+002     -0.6132E+002     -0.6079E+002     -0.6120E+002     -0.6091E+002     -0.6106E+002     -0.6057E+002     -0.6071E+002     -0.6074E+002     -0.6067E+002     -0.6069E+002     -0.6120E+002     -0.6067E+002     -0.6067E+002     -0.6039E+002     -0.6013E+002     -0.5992E+002     -0.5968E+002     -0.5889E+002     -0.5856E+002     -0.5674E+002     -0.5751E+002     -0.5744E+002     -0.5765E+002
     -0.5701E+002     -0.5549E+002     -0.5391E+002     -0.5304E+002     -0.5223E+002     -0.4962E+002     -0.5170E+002     -0.1054E+002      0.9455E+000
     -0.2877E-002     -0.4670E+000     -0.6996E+001     -0.3336E+002     -0.7043E+002     -0.5960E+002     -0.6334E+002     -0.6197E+002     -0.6244E+002     -0.6228E+002     -0.6221E+002     -0.6222E+002     -0.6200E+002     -0.6185E+002     -0.6180E+002     -0.6150E+002     -0.6132E+002     -0.6149E+002     -0.6174E+002     -0.6142E+002     -0.6164E+002     -0.6150E+002     -0.6148E+002     -0.6138E+002     -0.6129E+002     -0.6127E+002     -0.6117E+002     -0.6130E+002     -0.6157E+002     -0.6127E+002     -0.6116E+002     -0.6079E+002     -0.6098E+002     -0.6078E+002     -0.6041E+002     -0.5898E+002     -0.5894E+002     -0.5833E+002     -0.5859E+002     -0.5820E+002     -0.5798E+002
     -0.5770E+002     -0.5678E+002     -0.5599E+002     -0.5423E+002     -0.5346E+002     -0.4987E+002     -0.5362E+002     -0.1525E+002      0.1023E+001
     -0.8647E-003     -0.2978E+000     -0.4214E+001     -0.1552E+002     -0.5591E+002     -0.6715E+002     -0.6054E+002     -0.6357E+002     -0.6218E+002     -0.6273E+002     -0.6252E+002     -0.6257E+002     -0.6248E+002     -0.6236E+002     -0.6229E+002     -0.6215E+002     -0.6189E+002     -0.6174E+002     -0.6181E+002     -0.6210E+002     -0.6169E+002     -0.6210E+002     -0.6212E+002     -0.6193E+002     -0.6163E+002     -0.6158E+002     -0.6145E+002     -0.6176E+002     -0.6181E+002     -0.6158E+002     -0.6140E+002     -0.6130E+002     -0.6146E+002     -0.6147E+002     -0.6105E+002     -0.6003E+002     -0.5997E+002     -0.6000E+002     -0.5953E+002     -0.5881E+002     -0.5749E+002
     -0.5728E+002     -0.5760E+002     -0.5609E+002     -0.5548E+002     -0.5360E+002     -0.5148E+002     -0.5328E+002     -0.1855E+002      0.1024E+001
     -0.1716E-003     -0.8120E-001     -0.2019E+001     -0.9124E+001     -0.3651E+002     -0.6617E+002     -0.6330E+002     -0.6202E+002     -0.6338E+002     -0.6269E+002     -0.6311E+002     -0.6284E+002     -0.6282E+002     -0.6259E+002     -0.6265E+002     -0.6260E+002     -0.6239E+002     -0.6235E+002     -0.6217E+002     -0.6245E+002     -0.6235E+002     -0.6245E+002     -0.6236E+002     -0.6221E+002     -0.6248E+002     -0.6209E+002     -0.6222E+002     -0.6213E+002     -0.6187E+002     -0.6181E+002     -0.6173E+002     -0.6178E+002     -0.6192E+002     -0.6174E+002     -0.6179E+002     -0.6125E+002     -0.6102E+002     -0.6115E+002     -0.6010E+002     -0.6004E+002     -0.5960E+002
     -0.5864E+002     -0.5787E+002     -0.5765E+002     -0.5667E+002     -0.5576E+002     -0.5341E+002     -0.5475E+002     -0.2635E+002      0.7199E+000
     -0.4454E-005     -0.5691E-002     -0.5064E+000     -0.4231E+001     -0.2003E+002     -0.4650E+002     -0.6861E+002     -0.6219E+002     -0.6311E+002     -0.6317E+002     -0.6304E+002     -0.6284E+002     -0.6302E+002     -0.6308E+002     -0.6304E+002     -0.6285E+002     -0.6301E+002     -0.6283E+002     -0.6268E+002     -0.6285E+002     -0.6281E+002     -0.6267E+002     -0.6260E+002     -0.6270E+002     -0.6259E+002     -0.6253E+002     -0.6259E+002     -0.6249E+002     -0.6233E+002     -0.6225E+002     -0.6234E+002     -0.6242E+002     -0.6254E+002     -0.6207E+002     -0.6212E+002     -0.6194E+002     -0.6181E+002     -0.6178E+002     -0.6076E+002     -0.6098E+002     -0.6129E+002
     -0.6079E+002     -0.5988E+002     -0.5954E+002     -0.5843E+002     -0.5812E+002     -0.5638E+002     -0.5609E+002     -0.3361E+002      0.6052E+000
     -0.3606E-007     -0.2736E-003     -0.8110E-001     -0.1651E+001     -0.9428E+001     -0.2937E+002     -0.5505E+002     -0.6603E+002     -0.6271E+002     -0.6327E+002     -0.6315E+002     -0.6319E+002     -0.6325E+002     -0.6334E+002     -0.6330E+002     -0.6318E+002     -0.6315E+002     -0.6313E+002     -0.6310E+002     -0.6301E+002     -0.6288E+002     -0.6278E+002     -0.6293E+002     -0.6314E+002     -0.6295E+002     -0.6289E+002     -0.6286E+002     -0.6290E+002     -0.6270E+002     -0.6274E+002     -0.6258E+002     -0.6274E+002     -0.6245E+002     -0.6258E+002     -0.6243E+002     -0.6238E+002     -0.6229E+002     -0.6238E+002     -0.6189E+002     -0.6138E+002     -0.6169E+002
     -0.6159E+002     -0.6084E+002     -0.6061E+002     -0.6002E+002     -0.5960E+002     -0.5773E+002     -0.5651E+002     -0.4585E+002      0.3962E-001
     -0.3601E-009     -0.1132E-004     -0.1199E-001     -0.6738E+000     -0.6270E+001     -0.2154E+002     -0.4397E+002     -0.6702E+002     -0.6216E+002     -0.6386E+002     -0.6310E+002     -0.6345E+002     -0.6340E+002     -0.6329E+002     -0.6332E+002     -0.6353E+002     -0.6334E+002     -0.6339E+002     -0.6326E+002     -0.6306E+002     -0.6310E+002     -0.6305E+002     -0.6326E+002     -0.6313E+002     -0.6318E+002     -0.6316E+002     -0.6307E+002     -0.6307E+002     -0.6310E+002     -0.6288E+002     -0.6275E+002     -0.6293E+002     -0.6263E+002     -0.6286E+002     -0.6277E+002     -0.6305E+002     -0.6279E+002     -0.6281E+002     -0.6245E+002     -0.6223E+002     -0.6216E+002
     -0.6211E+002     -0.6176E+002     -0.6152E+002     -0.6109E+002     -0.6056E+002     -0.5946E+002     -0.5759E+002     -0.5435E+002     -0.1203E+001
     -0.2779E-011     -0.1678E-006     -0.4557E-003     -0.1033E+000     -0.2464E+001     -0.1498E+002     -0.3907E+002     -0.7141E+002     -0.6016E+002     -0.6393E+002     -0.6336E+002     -0.6344E+002     -0.6339E+002     -0.6350E+002     -0.6349E+002     -0.6346E+002     -0.6351E+002     -0.6348E+002     -0.6345E+002     -0.6331E+002     -0.6330E+002     -0.6324E+002     -0.6327E+002     -0.6340E+002     -0.6338E+002     -0.6332E+002     -0.6317E+002     -0.6311E+002     -0.6320E+002     -0.6313E+002     -0.6317E+002     -0.6300E+002     -0.6297E+002     -0.6298E+002     -0.6286E+002     -0.6311E+002     -0.6304E+002     -0.6292E+002     -0.6292E+002     -0.6264E+002     -0.6194E+002
     -0.6217E+002     -0.6230E+002     -0.6175E+002     -0.6130E+002     -0.6125E+002     -0.6030E+002     -0.5823E+002     -0.5576E+002     -0.2245E+001
     -0.2635E-014     -0.1870E-008     -0.4681E-004     -0.2601E-001     -0.7950E+000     -0.7739E+001     -0.2558E+002     -0.5938E+002     -0.6840E+002     -0.6196E+002     -0.6379E+002     -0.6343E+002     -0.6348E+002     -0.6344E+002     -0.6355E+002     -0.6355E+002     -0.6351E+002     -0.6350E+002     -0.6333E+002     -0.6334E+002     -0.6344E+002     -0.6345E+002     -0.6349E+002     -0.6338E+002     -0.6330E+002     -0.6324E+002     -0.6330E+002     -0.6338E+002     -0.6332E+002     -0.6333E+002     -0.6334E+002     -0.6317E+002     -0.6316E+002     -0.6319E+002     -0.6314E+002     -0.6309E+002     -0.6318E+002     -0.6313E+002     -0.6316E+002     -0.6279E+002     -0.6210E+002
     -0.6214E+002     -0.6211E+002     -0.6186E+002     -0.6202E+002     -0.6162E+002     -0.6143E+002     -0.5940E+002     -0.5984E+002     -0.5228E+001
     -0.3834E-015     -0.7784E-009     -0.3243E-004     -0.3013E-001     -0.8438E+000     -0.4464E+001     -0.1483E+002     -0.3627E+002     -0.6156E+002     -0.6451E+002     -0.6319E+002     -0.6350E+002     -0.6356E+002     -0.6355E+002     -0.6350E+002     -0.6359E+002     -0.6362E+002     -0.6356E+002     -0.6348E+002     -0.6336E+002     -0.6345E+002     -0.6353E+002     -0.6349E+002     -0.6350E+002     -0.6353E+002     -0.6351E+002     -0.6349E+002     -0.6342E+002     -0.6326E+002     -0.6342E+002     -0.6349E+002     -0.6348E+002     -0.6329E+002     -0.6332E+002     -0.6334E+002     -0.6322E+002     -0.6333E+002     -0.6318E+002     -0.6303E+002     -0.6308E+002     -0.6293E+002
     -0.6269E+002     -0.6208E+002     -0.6225E+002     -0.6265E+002     -0.6217E+002     -0.6214E+002     -0.6000E+002     -0.6208E+002     -0.1538E+002
     -0.6987E-016     -0.1880E-009     -0.1001E-004     -0.1130E-001     -0.3983E+000     -0.2969E+001     -0.1247E+002     -0.3026E+002     -0.5867E+002     -0.6499E+002     -0.6269E+002     -0.6389E+002     -0.6341E+002     -0.6376E+002     -0.6346E+002     -0.6356E+002     -0.6350E+002     -0.6354E+002     -0.6359E+002     -0.6346E+002     -0.6348E+002     -0.6354E+002     -0.6349E+002     -0.6341E+002     -0.6354E+002     -0.6353E+002     -0.6352E+002     -0.6347E+002     -0.6352E+002     -0.6348E+002     -0.6347E+002     -0.6343E+002     -0.6344E+002     -0.6351E+002     -0.6339E+002     -0.6334E+002     -0.6330E+002     -0.6335E+002     -0.6318E+002     -0.6319E+002     -0.6331E+002
     -0.6290E+002     -0.6257E+002     -0.6261E+002     -0.6287E+002     -0.6275E+002     -0.6262E+002     -0.6058E+002     -0.6279E+002     -0.3578E+002
     -0.7822E-018     -0.2492E-011     -0.2246E-006     -0.9662E-003     -0.1851E+000     -0.2691E+001     -0.1086E+002     -0.2553E+002     -0.6160E+002     -0.6840E+002     -0.6168E+002     -0.6383E+002     -0.6351E+002     -0.6343E+002     -0.6361E+002     -0.6350E+002     -0.6362E+002     -0.6360E+002     -0.6355E+002     -0.6362E+002     -0.6350E+002     -0.6349E+002     -0.6346E+002     -0.6346E+002     -0.6349E+002     -0.6354E+002     -0.6345E+002     -0.6340E+002     -0.6353E+002     -0.6340E+002     -0.6351E+002     -0.6358E+002     -0.6347E+002     -0.6345E+002     -0.6348E+002     -0.6345E+002     -0.6342E+002     -0.6339E+002     -0.6338E+002     -0.6328E+002     -0.6327E+002
     -0.6325E+002     -0.6319E+002     -0.6285E+002     -0.6308E+002     -0.6306E+002     -0.6265E+002     -0.6232E+002     -0.6146E+002     -0.5736E+002
     -0.3377E-020     -0.7568E-013     -0.3583E-007     -0.3711E-003     -0.9732E-001     -0.1207E+001     -0.5216E+001     -0.1519E+002     -0.4023E+002     -0.6752E+002     -0.6296E+002     -0.6357E+002     -0.6338E+002     -0.6362E+002     -0.6352E+002     -0.6362E+002     -0.6351E+002     -0.6360E+002     -0.6365E+002     -0.6358E+002     -0.6350E+002     -0.6352E+002     -0.6352E+002     -0.6356E+002     -0.6352E+002     -0.6346E+002     -0.6349E+002     -0.6357E+002     -0.6345E+002     -0.6363E+002     -0.6357E+002     -0.6347E+002     -0.6347E+002     -0.6348E+002     -0.6349E+002     -0.6354E+002     -0.6347E+002     -0.6345E+002     -0.6358E+002     -0.6339E+002     -0.6342E+002
     -0.6329E+002     -0.6331E+002     -0.6313E+002     -0.6314E+002     -0.6321E+002     -0.6298E+002     -0.6307E+002     -0.6129E+002     -0.6371E+002
     -0.7211E-022     -0.2289E-014     -0.1657E-008     -0.2693E-004     -0.1024E-001     -0.2751E+000     -0.3032E+001     -0.9102E+001     -0.2229E+002     -0.5882E+002     -0.6628E+002     -0.6243E+002     -0.6392E+002     -0.6344E+002     -0.6367E+002     -0.6348E+002     -0.6359E+002     -0.6364E+002     -0.6366E+002     -0.6358E+002     -0.6359E+002     -0.6354E+002     -0.6356E+002     -0.6361E+002     -0.6355E+002     -0.6356E+002     -0.6357E+002     -0.6355E+002     -0.6352E+002     -0.6354E+002     -0.6354E+002     -0.6348E+002     -0.6345E+002     -0.6351E+002     -0.6351E+002     -0.6350E+002     -0.6350E+002     -0.6348E+002     -0.6346E+002     -0.6353E+002     -0.6347E+002
     -0.6350E+002     -0.6348E+002     -0.6342E+002     -0.6288E+002     -0.6286E+002     -0.6304E+002     -0.6325E+002     -0.6162E+002     -0.6646E+002
     -0.1213E-024     -0.5947E-017     -0.5914E-011     -0.1222E-006     -0.1866E-003     -0.9589E-001     -0.2868E+001     -0.8898E+001     -0.1843E+002     -0.4939E+002     -0.6908E+002     -0.6082E+002     -0.6413E+002     -0.6349E+002     -0.6363E+002     -0.6358E+002     -0.6354E+002     -0.6359E+002     -0.6349E+002     -0.6365E+002     -0.6354E+002     -0.6354E+002     -0.6349E+002     -0.6359E+002     -0.6358E+002     -0.6356E+002     -0.6356E+002     -0.6365E+002     -0.6366E+002     -0.6356E+002     -0.6353E+002     -0.6356E+002     -0.6358E+002     -0.6351E+002     -0.6360E+002     -0.6357E+002     -0.6352E+002     -0.6354E+002     -0.6356E+002     -0.6350E+002     -0.6361E+002
     -0.6358E+002     -0.6356E+002     -0.6361E+002     -0.6305E+002     -0.6320E+002     -0.6305E+002     -0.6368E+002     -0.6232E+002     -0.6802E+002
     -0.1048E-028     -0.5950E-021     -0.1005E-014     -0.6036E-009     -0.1974E-004     -0.1878E-001     -0.1103E+001     -0.6245E+001     -0.1140E+002     -0.3137E+002     -0.6930E+002     -0.6335E+002     -0.6312E+002     -0.6366E+002     -0.6359E+002     -0.6358E+002     -0.6362E+002     -0.6353E+002     -0.6352E+002     -0.6364E+002     -0.6362E+002     -0.6355E+002     -0.6355E+002     -0.6364E+002     -0.6360E+002     -0.6360E+002     -0.6358E+002     -0.6356E+002     -0.6363E+002     -0.6353E+002     -0.6354E+002     -0.6360E+002     -0.6353E+002     -0.6363E+002     -0.6358E+002     -0.6362E+002     -0.6357E+002     -0.6359E+002     -0.6360E+002     -0.6356E+002     -0.6361E+002
     -0.6358E+002     -0.6362E+002     -0.6367E+002     -0.6361E+002     -0.6368E+002     -0.6315E+002     -0.6396E+002     -0.6259E+002     -0.6804E+002
     -0.3395E-034     -0.5311E-025     -0.4608E-017     -0.8017E-011     -0.3879E-006     -0.1504E-002     -0.3962E+000     -0.4889E+001     -0.7046E+001     -0.2014E+002     -0.5783E+002     -0.6587E+002     -0.6281E+002     -0.6363E+002     -0.6350E+002     -0.6369E+002     -0.6356E+002     -0.6357E+002     -0.6362E+002     -0.6355E+002     -0.6359E+002     -0.6355E+002     -0.6358E+002     -0.6360E+002     -0.6356E+002     -0.6357E+002     -0.6367E+002     -0.6352E+002     -0.6354E+002     -0.6353E+002     -0.6359E+002     -0.6359E+002     -0.6363E+002     -0.6360E+002     -0.6359E+002     -0.6364E+002     -0.6359E+002     -0.6358E+002     -0.6350E+002     -0.6359E+002     -0.6357E+002
     -0.6363E+002     -0.6365E+002     -0.6360E+002     -0.6354E+002     -0.6366E+002     -0.6356E+002     -0.6396E+002     -0.6260E+002     -0.6802E+002
     -0.4061E-038     -0.1989E-028     -0.2031E-020     -0.1187E-013     -0.8107E-008     -0.1875E-003     -0.1211E+000     -0.2576E+001     -0.4671E+001     -0.1415E+002     -0.4401E+002     -0.6989E+002     -0.6133E+002     -0.6422E+002     -0.6336E+002     -0.6346E+002     -0.6364E+002     -0.6347E+002     -0.6368E+002     -0.6355E+002     -0.6361E+002     -0.6359E+002     -0.6366E+002     -0.6356E+002     -0.6362E+002     -0.6354E+002     -0.6364E+002     -0.6357E+002     -0.6362E+002     -0.6358E+002     -0.6351E+002     -0.6355E+002     -0.6353E+002     -0.6360E+002     -0.6364E+002     -0.6353E+002     -0.6359E+002     -0.6356E+002     -0.6354E+002     -0.6363E+002     -0.6356E+002
     -0.6361E+002     -0.6362E+002     -0.6358E+002     -0.6359E+002     -0.6366E+002     -0.6347E+002     -0.6392E+002     -0.6265E+002     -0.6800E+002
     -0.3528E-043     -0.5102E-033     -0.1355E-023     -0.1307E-015     -0.3087E-009     -0.1666E-004     -0.2055E-001     -0.7236E+000     -0.2153E+001     -0.6836E+001     -0.3137E+002     -0.6808E+002     -0.6490E+002     -0.6104E+002     -0.6434E+002     -0.6354E+002     -0.6350E+002     -0.6375E+002     -0.6347E+002     -0.6355E+002     -0.6358E+002     -0.6363E+002     -0.6367E+002     -0.6364E+002     -0.6364E+002     -0.6361E+002     -0.6359E+002     -0.6373E+002     -0.6358E+002     -0.6358E+002     -0.6366E+002     -0.6364E+002     -0.6366E+002     -0.6361E+002     -0.6356E+002     -0.6359E+002     -0.6368E+002     -0.6357E+002     -0.6360E+002     -0.6358E+002     -0.6362E+002
     -0.6357E+002     -0.6366E+002     -0.6367E+002     -0.6368E+002     -0.6365E+002     -0.6350E+002     -0.6399E+002     -0.6259E+002     -0.6800E+002
     -0.2994E-047     -0.1350E-035     -0.1211E-025     -0.2113E-017     -0.7198E-011     -0.5187E-006     -0.1177E-002     -0.1618E+000     -0.1507E+001     -0.3741E+001     -0.1508E+002     -0.4281E+002     -0.6945E+002     -0.6619E+002     -0.6146E+002     -0.6381E+002     -0.6374E+002     -0.6346E+002     -0.6349E+002     -0.6361E+002     -0.6368E+002     -0.6360E+002     -0.6356E+002     -0.6360E+002     -0.6358E+002     -0.6364E+002     -0.6357E+002     -0.6365E+002     -0.6359E+002     -0.6368E+002     -0.6361E+002     -0.6362E+002     -0.6363E+002     -0.6364E+002     -0.6362E+002     -0.6361E+002     -0.6359E+002     -0.6365E+002     -0.6364E+002     -0.6364E+002     -0.6361E+002
     -0.6365E+002     -0.6357E+002     -0.6359E+002     -0.6364E+002     -0.6372E+002     -0.6343E+002     -0.6404E+002     -0.6255E+002     -0.6805E+002
     -0.2304E-050     -0.1198E-038     -0.1195E-028     -0.2450E-020     -0.1618E-013     -0.6415E-008     -0.8420E-004     -0.2771E-001     -0.5583E+000     -0.2247E+001     -0.4832E+001     -0.2307E+002     -0.4952E+002     -0.6156E+002     -0.6853E+002     -0.6247E+002     -0.6385E+002     -0.6378E+002     -0.6392E+002     -0.6358E+002     -0.6355E+002     -0.6365E+002     -0.6365E+002     -0.6364E+002     -0.6365E+002     -0.6364E+002     -0.6362E+002     -0.6363E+002     -0.6361E+002     -0.6353E+002     -0.6362E+002     -0.6361E+002     -0.6359E+002     -0.6355E+002     -0.6362E+002     -0.6364E+002     -0.6355E+002     -0.6365E+002     -0.6359E+002     -0.6361E+002     -0.6366E+002
     -0.6361E+002     -0.6367E+002     -0.6365E+002     -0.6362E+002     -0.6367E+002     -0.6352E+002     -0.6398E+002     -0.6263E+002     -0.6804E+002
     -0.5537E-055     -0.3710E-043     -0.1132E-032     -0.1799E-023     -0.6904E-016     -0.5127E-010     -0.7667E-006     -0.4990E-003     -0.7704E-001     -0.6574E+000     -0.1199E+001     -0.1096E+002     -0.2398E+002     -0.2748E+002     -0.5645E+002     -0.6620E+002     -0.6197E+002     -0.6332E+002     -0.6282E+002     -0.6374E+002     -0.6375E+002     -0.6369E+002     -0.6378E+002     -0.6369E+002     -0.6350E+002     -0.6365E+002     -0.6360E+002     -0.6347E+002     -0.6362E+002     -0.6352E+002     -0.6357E+002     -0.6350E+002     -0.6360E+002     -0.6356E+002     -0.6370E+002     -0.6365E+002     -0.6366E+002     -0.6362E+002     -0.6362E+002     -0.6357E+002     -0.6356E+002
     -0.6366E+002     -0.6362E+002     -0.6365E+002     -0.6364E+002     -0.6372E+002     -0.6357E+002     -0.6398E+002     -0.6267E+002     -0.6798E+002
     -0.3040E-060     -0.1732E-047     -0.1980E-036     -0.4218E-027     -0.1669E-019     -0.1269E-013     -0.3800E-009     -0.3386E-005     -0.1461E-002     -0.1809E-001     -0.4364E+000     -0.5290E+001     -0.1197E+002     -0.1161E+002     -0.4081E+002     -0.7033E+002     -0.6355E+002     -0.6599E+002     -0.6569E+002     -0.6362E+002     -0.6226E+002     -0.6325E+002     -0.6292E+002     -0.6319E+002     -0.6382E+002     -0.6357E+002     -0.6359E+002     -0.6388E+002     -0.6363E+002     -0.6379E+002     -0.6369E+002     -0.6361E+002     -0.6372E+002     -0.6379E+002     -0.6363E+002     -0.6365E+002     -0.6367E+002     -0.6361E+002     -0.6367E+002     -0.6377E+002     -0.6372E+002
     -0.6366E+002     -0.6364E+002     -0.6362E+002     -0.6351E+002     -0.6365E+002     -0.6347E+002     -0.6406E+002     -0.6258E+002     -0.6805E+002
     -0.1484E-065     -0.9257E-053     -0.1065E-041     -0.2262E-032     -0.9117E-025     -0.1487E-018     -0.8136E-013     -0.1960E-008     -0.1181E-005     -0.6420E-003     -0.1189E+000     -0.1977E+001     -0.3839E+001     -0.6443E+001     -0.3326E+002     -0.6380E+002     -0.6043E+002     -0.6173E+002     -0.5753E+002     -0.6382E+002     -0.6911E+002     -0.6455E+002     -0.6684E+002     -0.6501E+002     -0.6287E+002     -0.6349E+002     -0.6363E+002     -0.6237E+002     -0.6335E+002     -0.6291E+002     -0.6306E+002     -0.6322E+002     -0.6317E+002     -0.6320E+002     -0.6364E+002     -0.6335E+002     -0.6352E+002     -0.6363E+002     -0.6338E+002     -0.6334E+002     -0.6334E+002
     -0.6387E+002     -0.6375E+002     -0.6365E+002     -0.6383E+002     -0.6380E+002     -0.6350E+002     -0.6417E+002     -0.6278E+002     -0.6819E+002
     -0.1640E-072     -0.1019E-059     -0.1168E-048     -0.2533E-039     -0.2483E-031     -0.8981E-024     -0.1258E-017     -0.4218E-013     -0.1191E-008     -0.8787E-005     -0.4895E-002     -0.1572E+000     -0.4197E+000     -0.1704E+001     -0.1318E+002     -0.3065E+002     -0.3562E+002     -0.3479E+002     -0.2619E+002     -0.3886E+002     -0.6436E+002     -0.5233E+002     -0.5326E+002     -0.5768E+002     -0.6840E+002     -0.6541E+002     -0.6482E+002     -0.6937E+002     -0.6620E+002     -0.6712E+002     -0.6602E+002     -0.6517E+002     -0.6550E+002     -0.6563E+002     -0.6364E+002     -0.6496E+002     -0.6405E+002     -0.6382E+002     -0.6451E+002     -0.6565E+002     -0.6513E+002
     -0.6284E+002     -0.6300E+002     -0.6344E+002     -0.6273E+002     -0.6304E+002     -0.6352E+002     -0.6336E+002     -0.6216E+002     -0.6743E+002
     -0.3547E-081     -0.2197E-068     -0.2585E-057     -0.1697E-047     -0.4297E-038     -0.3528E-030     -0.6809E-024     -0.1250E-017     -0.4917E-012     -0.1825E-007     -0.3136E-004     -0.1322E-002     -0.8546E-002     -0.1127E+000     -0.2117E+001     -0.5798E+001     -0.7464E+001     -0.6451E+001     -0.5249E+001     -0.1123E+002     -0.3279E+002     -0.2365E+002     -0.1251E+002     -0.2004E+002     -0.4261E+002     -0.3875E+002     -0.4065E+002     -0.5500E+002     -0.3961E+002     -0.4848E+002     -0.5348E+002     -0.5846E+002     -0.5890E+002     -0.6108E+002     -0.6457E+002     -0.5848E+002     -0.6445E+002     -0.6338E+002     -0.6131E+002     -0.5348E+002     -0.5729E+002
     -0.6899E+002     -0.6772E+002     -0.6546E+002     -0.6899E+002     -0.6746E+002     -0.6548E+002     -0.6640E+002     -0.6813E+002     -0.6924E+002
     -0.1468E-091     -0.9445E-079     -0.4741E-067     -0.8406E-056     -0.3981E-046     -0.4501E-038     -0.5893E-030     -0.1597E-022     -0.4936E-016     -0.5186E-011     -0.1124E-007     -0.5390E-006     -0.1922E-004     -0.2939E-002     -0.1217E+000     -0.4058E+000     -0.6147E+000     -0.2832E+000     -0.4184E+000     -0.1950E+001     -0.8098E+001     -0.4718E+001     -0.9869E+000     -0.2299E+001     -0.7783E+001     -0.6479E+001     -0.9526E+001     -0.1413E+002     -0.7044E+001     -0.9423E+001     -0.1427E+002     -0.2408E+002     -0.3070E+002     -0.2040E+002     -0.1790E+002     -0.1796E+002     -0.2343E+002     -0.1978E+002     -0.1311E+002     -0.9304E+001     -0.9867E+001
     -0.2499E+002     -0.2981E+002     -0.3086E+002     -0.4444E+002     -0.3361E+002     -0.3107E+002     -0.4679E+002     -0.5795E+002     -0.4784E+002
     -0.1219E-103     -0.5362E-090     -0.6292E-077     -0.1684E-065     -0.1137E-055     -0.1130E-045     -0.2753E-036     -0.6726E-028     -0.4174E-021     -0.5030E-016     -0.1143E-012     -0.1013E-010     -0.1089E-007     -0.1496E-004     -0.6245E-003     -0.5031E-002     -0.8637E-002     -0.2311E-002     -0.6678E-002     -0.9073E-001     -0.3626E+000     -0.1878E+000     -0.1606E-001     -0.5372E-001     -0.2727E+000     -0.2430E+000     -0.4237E+000     -0.9449E+000     -0.4255E+000     -0.7277E+000     -0.1006E+001     -0.2969E+001     -0.5885E+001     -0.2639E+001     -0.1432E+001     -0.2326E+001     -0.3838E+001     -0.3912E+001     -0.1255E+001     -0.5070E+000     -0.5161E+000
     -0.2907E+001     -0.3065E+001     -0.2806E+001     -0.6036E+001     -0.4837E+001     -0.4689E+001     -0.1038E+002     -0.1091E+002     -0.7034E+001
     -0.2363E-116     -0.1710E-101     -0.2546E-088     -0.1058E-076     -0.8736E-065     -0.2286E-053     -0.3811E-043     -0.1349E-034     -0.9013E-028     -0.1117E-022     -0.2635E-019     -0.3090E-016     -0.1433E-011     -0.2315E-008     -0.1329E-006     -0.3957E-005     -0.6802E-005     -0.1282E-005     -0.1054E-004     -0.4556E-003     -0.1288E-002     -0.9496E-003     -0.7605E-004     -0.1197E-003     -0.9884E-003     -0.1217E-002     -0.1800E-002     -0.7468E-002     -0.3625E-002     -0.1183E-001     -0.1307E-001     -0.1179E+000     -0.4412E+000     -0.1709E+000     -0.7063E-001     -0.1216E+000     -0.1472E+000     -0.2441E+000     -0.3576E-001     -0.5722E-002     -0.1184E-001
     -0.2211E+000     -0.2528E+000     -0.4825E-001     -0.1582E+000     -0.1924E+000     -0.2036E+000     -0.4912E+000     -0.3450E+000     -0.1554E+000
