  -1.4406570377576300       -1.9374065493657133       0.25882508567652424     
 -0.96259254563685714       -2.8985140368999538       -4.7771454954552732     
  -1.3084554802567103       -4.1433744006418118        8.9730087391406474     
   5.0081552214140119        1.8405499443377475       -9.1713769642860878     
  -5.7296064117918295        4.9200346214461543       -7.8462971201770975     
  -5.3031126756470890       -3.3273229833411926       -3.8045777494006203     
  -5.4875043210899026       -1.8866781843479925        6.9899490761044945     
  -2.9170694341615966       0.44311115668408818        2.0289983173818817     
   2.2589947571767461        1.7455454214944925      -0.45517807323921616     
  -4.1324663413734850       0.55532784640526245       -2.3374109280726558     
  -2.5209039451764985        4.9773475389538335       0.53382020484247861     
  -3.4871603245202145        2.0978867662472287       -2.6731126014987594     
  -4.4847061032975297       -2.6659743342312057       0.27399085875566975     
  -2.5299068766839632       -1.4858350129746127        3.5000530106582617     
   1.6033827738507880       -1.4864518385943994       -6.6734617128618821     
   4.7730434755349602       -4.7190202894951483       -11.747899345722969     
   4.9203459936662552        4.4392372224155281        7.3034858920425370     
  -4.2191243632587199       -3.9150038769770328       -2.3630194105589668     
   1.2942253990015073        2.2393177907613593        5.6353622454592989     
  -3.5334496664790200       -1.0705058480276874       -7.5323290745058298     
   3.7254228628246566       -4.3554062063230798        6.9011166800420503     
  -5.7034672662936901        3.7854619981117956        14.651047172814229     
  -3.5874665615617611       -2.1597484914463592       -1.9292697555909877     
  -3.8717172531404831        5.1518234451917921        10.467792891374183     
  -1.6316166072060516       0.20050800051131742       -4.3666963975041471     
   1.8763983199897585       0.76783352116218084       -6.6243340330499976     
   3.5131085236019559       -1.6862766671585665        4.6265540020721465     
   1.6232704446034161       -3.8292904694132890       -4.6066658142522527     
  -5.3966647622825539      -0.77059938635101000        6.6648365223445811     
  -3.3014103567019317       -3.1793768316553748       0.12950955308242293     
  0.89787684435068749        1.1767779193010695       -5.1342079490254641E-002
   3.4635907211843748        4.4388743224306806        3.6631689183730716     
  -2.0827599403961599        1.4444565812227332        5.8086367751689041     
   2.4719741646085409       -4.5445131684544693       -2.3281168199698272     
   8.5984755180615116E-002  -5.7217583543937751        21.194428027373402     
   3.2455398896699648        1.9444917117691836        1.9739103285126265     
  -4.4916428245957301        1.9920376472056751       -3.8843412848950734     
  -5.1829165922756824       -4.4235012098361386        7.6888614503498900     
  -4.3646212627927063      -0.44881598198907252       0.24639104973208989     
   3.0579888722870869        3.0052283213770199        5.8611668502643468     
   5.1996602966603422       -2.7599548050819891        8.9961843242165234     
  -4.8091581282958433       -5.6892269010430461        3.8620268920660350     
  0.71760412259524753        4.4018867490785709       -1.9155717089119253     
   4.9007526999634194        3.3466342520523846        7.4952229468127980     
   5.1387165618368744       -1.3767331646480145       0.25714390312348084     
  -2.0117014179813997        2.8607987732218541       -4.2782049379734071     
   3.6351926935735865        5.6178584013711914        12.691889619680333     
   5.4268392985623217       -3.9035155480745631        1.0856848203442162     
  -1.4891882431124719        4.8179623374650493        1.6978700965418088     
   2.8064488290984966       0.27257369937091314        4.4738815325943628     
  -5.2241302065570761        2.6484039690414809       -3.2815027254111264     
   1.8332939321044237      -0.26705739491901459        8.6406159362289436     
   1.4431020514924844        3.5840883733045672        1.2637753594547789     
   3.6488053855120293       0.98252817240407753        8.7788487345101647     
  -4.1808432052207642        3.1319548752420858        4.5427727847157389     
 -0.85466433157861743       -5.1087614269428832        2.7638470691417396     
   5.6181705840180625       -5.5340316766484854        3.7989227817380558     
   2.9789419617836281      -0.82768216545967643       -8.4930946303415169     
  -4.5061223915153672       -1.5791006186088317      -0.31403350157883508     
  -2.8165320275384609       -5.4918679958783274        8.7733829221330311     
 -0.26020540415088572       -1.5164712242989133        8.7622442770037665     
   6.3708759360126349E-002   1.8194976613401412        6.0723355448254628     
   2.3430347679295225        4.2845579403616298        20.422521601856324     
  -3.0473474438125754        3.0738849004487521        4.8110134014371235     
  -2.3812382116480935       -2.4671093959956920      -0.69321657098676481     
  0.10743107470404684       -4.5376513455489302        4.1322361865319399     
   4.1568825075707485       -2.5595573479708014        8.1620908537542185     
   2.7027563363485934       -3.2180063581843625       -1.8371541430959932     
   1.5797070255709371       -2.7095188167874982        12.012888601016314     
   4.8637923825052063       0.21747560949047032        4.8024289975832151     
 -0.98522529290393124        1.4237766609614229       -6.2537143706351914     
   4.4046615370198410       -3.5368476508413678       -6.6699896989008325     
  -2.2942640363484696       -3.5103383592696886        1.1661260721561191     
   4.1244708990956358        2.6958114705561766        3.0526730365710502     
  -4.6725072934858831        4.3919353063187314        5.5938383062065107     
  -3.0969470173619591       -4.4163426125210732       0.10842154115527478     
  -5.0277055073960355        1.0288282564181126        13.624455368633376     
  -1.7529611301669248       -5.6348023565588345       -5.8520228458250312     
   4.4813348397736867E-002  -3.4597815978951294       -7.5282796376468255     
   2.4994484888181936       -2.0810353451446870       0.17905531115849846     
  -1.0859403038688140       -1.9156570671342072       -1.1706280581184024E-002
 -0.70846083163892037       -3.0940899950766774       -5.5239607574554697     
  -1.7408285198205047       -4.1233676470380614        8.4730843121199246     
   4.2634179882687642        1.7124631954113145       -9.7630246617851490     
  -5.6115170262344591        4.4723030475887260       -7.6910457377232655     
   5.4245874069969791       -2.3852570899642824       -4.0206335515609659     
  -4.8813079772001648       -1.8097248599867006        6.2441771030009958     
  -2.9959444310706824        1.5593955842335512        1.3665907452742294     
   2.4066833542509807        1.2654137791145545      -0.90098775269794340     
  -4.3317619801566343       0.55110431121092673       -2.1308652727575850     
  -2.4324308755608284        5.1560449637802952       0.67827591298493162     
  -4.1667421484021014        1.7858173598306974       -2.7505313879431839     
  -4.2427741876089353       -3.1080099095822562       0.25259461959249663     
  -1.7914969443821858       -1.1315907712345199        3.7959949927567878     
   1.5333262893641988       -1.6260545437580403       -6.7689831848292732     
   5.2220348496264437       -4.6764738568660515       -11.469200118928143     
   4.8322668705009235        5.4245112260997903        7.1154174057951094     
  -4.1128796620035422       -4.5368793256681759       -2.0483786975831939     
   1.6188806842241432        1.9921530329383474        5.4911565048933833     
  -2.8640466423524442       -1.0178264200994724       -6.4671015971417063     
   3.7536180066363518       -4.2424470716731761        6.4305003955411522     
   5.5860671738088392        3.4578629590483714        14.893245947458148     
  -3.4219023814265617       -2.3871582973938574       -1.6349584428847541     
  -3.7175940843272657        4.9097220773026065        10.017304470413304     
  -1.9263145864996374       0.18288216900880483       -4.5508819196192825     
   2.5329456549112308       0.16514098496599650       -6.9922140436109590     
   3.8027877471797749       -1.3318919026862499        4.7939290063428635     
   1.6232451624514859       -3.7760006002290107       -4.3840524704453756     
  -4.8868623941008620      -0.64104316529615513        6.1187138016505118     
  -2.7590910472784977       -3.3156191950509664       0.32564809035524039     
   1.4194696672395670       0.90839339177889489      -0.34420365021118582     
   3.2355032764153622        4.6602804865594463        3.1983351062019958     
  -1.2259417338222047        1.0526432440251972        5.0999124038149244     
   2.2505357493752878       -5.3485389837353061       -2.2249034979346338     
 -0.45887538816111001        5.5621104201588905        21.771658239913258     
   2.8580460415421038        2.4677483812320644        2.0772341949112403     
  -5.1009429583388535        2.4168311848318833       -4.1922130575377636     
  -5.1866764721098120       -4.3595428003555075        8.0794954334703402     
  -3.5921914550113501      -0.26116960633056152      -0.17683065143739013     
   3.4055655830893921        3.4886507045288253        6.1526309869944065     
   4.2752979516897920       -2.2474299949091869        8.5753913841156564     
  -4.7595004034735018        5.0614974806310880        4.3257011190760410     
  0.70427042861504219        4.1378294338610297       -1.2856373929665867     
   4.7730099468152547        4.3382467901847575        7.7422016988567384     
   5.4392791343499960       -1.4120895010356529       0.37166198922302213     
  -2.0867910015167075        3.5884864119538826       -3.8440112470376180     
   4.3216853139234130       -5.1474147371789778        12.328900526891665     
  -5.6334508825964145       -3.3430720095821815        1.4463346021978285     
  -1.4526351521711205        5.5323586918330063        2.5083152059541627     
   3.4765972895552926      -0.35248370000630969        4.2094502043643711     
   5.3133628742062804        2.4846557378351588       -4.4869574026889234     
   1.2303306385727795      -0.19451216073774377        8.5700350257526363     
   1.5671996390722633        3.5204850192092083        1.3919561838435135     
   3.4509528889062082        1.0339023770654865        9.2138493983635286     
  -4.0533706417895852        2.8124532080170184        4.3479153495847775     
  -1.0647517703175566       -5.0710222924720672        2.8141768253028681     
  -5.6907240652887330        5.7565604186909036        3.6715295946384847     
   2.1754863839563807      -0.85010235864338812       -8.6713621283078144     
  -3.9218139611103959       -1.3840877427900860       0.43296206872478971     
  -3.8828576716800605       -5.6446638514544363        9.5836569974706691     
 -0.57422398922918050      -0.48539177590707488        8.5697679412993022     
  0.61718600983806204        2.3192560195405374        6.5131205502262626     
   2.3274538352361067        5.1821306636965003        20.357420418708973     
  -2.8048393992788889        2.6595172300028112        4.7127799581663821     
  -2.2527014138770123       -2.2264518945645180      -0.41575043598013373     
   1.3060731212662777E-002  -5.0020839855963501        3.2618322382749336     
   3.3869846813707465       -2.7657128310126589        8.5668548580431576     
   2.7036966460306222       -4.2428815446163215       -1.9473538708508686     
   2.2637705075528083       -2.6385634600086885        13.074702636486291     
   5.2093142249304716      -0.42963345352059135        4.7537804563103077     
 -0.20926168045653315        1.5925183029663095       -5.6898055952895623     
   4.8606980551510572       -3.5378530348567661       -6.6099473781461837     
  -1.7022271329214353       -3.1147473492047002       0.16031581305397624     
   4.2172721930566723        2.9086654100168823        2.8035368889091381     
  -4.4713982872778679        3.8973499389755677        5.1747070869857277     
  -2.8087244451042492       -4.3659417529778866       0.28679245743076887     
  -5.0831062277672583        1.3474019728952134        13.534679838341905     
  -2.1015707807968993       -5.0919523881386146       -5.9108785961536476     
  0.66166343356330570       -4.1264338786160399       -6.9034509948920055     
   2.8468244260696030       -1.7320569506059600        8.9441326728121578E-002
 -0.53759025923764325       -2.0949239328111839       0.71027187620165044     
  -2.7940667257183435E-003  -3.0235605979853974       -6.1630455198250296     
  -1.9166845417343623       -3.5467559448147736        8.5466090910532717     
   3.9060265413285622        1.6131077838512955       -9.3128638738799729     
   5.5063937971252033        3.9812917528289793       -7.9729931247584460     
   5.4005213691112424       -1.8863631653434887       -4.1759970293902811     
  -4.4731302166448641       -2.0399154184407835        5.1904237834776499     
  -2.5320088325132595        1.8828167870350585        1.3233941967870835     
   2.1076266604703697       0.68118068110393692       -1.9276701551169735     
  -4.8549712704038965       0.12184913212734529       -1.9502134598414911     
  -3.1381058401143758       -5.6918405172064546        1.0482277167246101     
  -4.0399612237734370       0.84654292601513026       -2.2147422722636154     
  -4.0318970350188339       -3.4543926886442509       0.88009409815815687     
 -0.95741730901789279       -1.1417533572803611        4.3525618524674661     
   1.2789293063952798       -2.1366146518897220       -7.2137890080848299     
   5.5444154646862716       -4.2758774222445384       -11.368574639881574     
   5.2399427007755879       -5.3924226635684809        7.5252487086101691     
  -4.8232857103965472       -4.7992449819359502       -3.0168944822010078     
   2.0508081115093808        1.7901032544080051        5.6004718088682566     
  -2.0152261203693116      -0.98169905283675629       -6.4128027569489570     
   4.2807110713734779       -3.9857504143982259        6.1801514526932477     
   4.4901590171292645        4.1420482235494820        14.926793630042329     
  -3.5149397486394975       -2.5463193691508490       -1.3207547111555840     
  -4.0925840114436571        4.4377152639453223        9.9310975346321193     
  -2.3122883753050503       0.88052870040182507       -4.4233037399693860     
   2.7016457870951056      -0.33737529600894273       -7.7552420451108377     
   3.9327531166570315       -1.9845386527786282        5.0074146668822301     
   1.0188039169147152       -3.1271845616309166       -3.5205366856642186     
  -3.8112769402376467      -0.66684417529307594        6.4107725240145914     
  -2.5364989831200146       -2.7753384050264844       0.81253496746961074     
   1.0721587857782631        1.1636176898218102      -0.78392163808167881     
   3.2089121429262466        4.7416870721108086        3.2433697954308149     
  -1.0460530227252214       0.99710326401800498        4.9153093430257737     
   1.4457995038831402       -5.5662000600267243       -1.8937109193896131     
 -0.76789073270665809        5.7151731948506210        21.440248423314319     
   1.7075151645310718        3.2937359811655442        2.2476687146687095     
  -5.3974597267779334        3.1602683903117663       -4.5107681378539111     
  -5.1166433876822452       -3.6776880155181377        7.5499041999605057     
  -2.8692994703261427       -8.3862377711657443E-002  0.22901322816828720     
   3.4905792018717117        3.7104457612039337        5.5745994237216108     
   4.3581323309245263       -2.8676574398580534        9.2169160034512281     
  -5.4713731780178554        4.8035795709523788        3.6458466037239905     
  0.39222789130828606        3.7944485442658293       -1.9557916293123507     
   4.6064321821961940        5.2069470013946857        8.1085525645772929     
  -4.8702574433179020      -0.99516276712234741      -0.14944959497780738     
  -1.5406143727401527        4.2849797048160685       -4.8647127629008011     
   4.1404879517929825       -5.2084066783702978        12.290674406366197     
  -5.3370955041965287       -2.6372439793169939        1.5207520021109882     
  -1.8664700406983530        5.6076589560383052        2.2229529771611571     
   3.5914999013878388      -0.99369570367312299        4.6278257451253131     
   5.0388274812883882        3.0287154661761595       -5.0107266214720543     
  0.87870401898259476      -0.16916099258997119        8.2135885959745458     
   1.7460874746000732        4.3005199765721773        1.3703171885064143     
   3.0961405810540947        1.0075875244493873        8.9385524282357967     
  -3.8479173797680772        2.1824933964277813        3.6175674359647578     
  -1.0437128922456587       -4.8030024862948668        3.3583941264517354     
  -5.3446725093012484       -5.6819177510140237        4.0222598576366178     
   1.9823714492984399       -1.1620904226403030       -7.5353681996949744     
  -2.9879704156971627       -1.5103888534902377       0.43883937021333597     
  -4.4669589936389835        5.4690674740136185        9.7706234178991078     
  -1.4172349139591534        2.3511380964544318E-002   8.6512020462142729     
  0.92620983865092610        2.1972159266627864        6.5925442115191277     
   2.2936550338571671        5.2954876147994909        20.045556222126869     
  -2.2865721814292943        2.9497436598812410        5.6623476652164442     
  -1.5973615179189906       -2.1057362611547408      -0.10110211981205375     
  -1.0931879629246594E-002  -4.5993668153860430        2.9185616624102080     
   3.3093457393404169       -3.1350328828288396        7.7178807240257896     
   3.0693099139177971       -4.8820167484789829       -1.2457949054742863     
   2.3351640935704219       -2.6655061291100903        13.339690632859941     
   4.5976887529925188       -1.1606560120740486        3.9340671544048091     
 -0.19511847897790299        2.3911897430345563       -5.1075449449131822     
   5.3159955995627577       -3.2645467216183213       -6.5639386370533011     
 -0.99012393556467659       -3.0292500655741326       0.11886087725327153     
   3.4842552550134980        2.6260933813210476        3.1658057023075461     
  -4.4062191868308647        3.2320335135887559        4.5836388656831213     
  -2.9361481780469707       -3.9672206596355482        1.0002959119403982     
  -4.9704417556272693        2.1573271094803443        13.693334392112471     
  -1.9882320192436860       -4.6420928444087881       -5.8963590298402568     
   1.4680457638433966       -4.3350779703230948       -6.7711911080212719     
   2.9221951431293145       -1.8032289042132306      -0.41777293724042885     
  -2.2264636255880033E-002  -2.1132374461116936       0.39363536126853388     
  0.17510789125141357       -3.1510892951932696       -6.4600008159683631     
  -1.7150464868121726       -3.4314958056229004        8.3996952618929956     
   3.4226634141267160        1.5913359922787143       -8.5859852054900898     
   4.8765787793061870        4.0052390306217491       -7.6485641997766303     
   5.6088466457905648       -1.2783266374805820       -4.5890758629305548     
  -3.8729641117762461       -2.1412960096013203        5.4047935325522403     
  -2.7339431372292240        2.7810107626452871       0.81163367087739657     
   1.4342316114306550      -0.52053499206439069       -1.9628997426567554     
  -5.4576255986923261      -0.33240182249170303       -1.9236553432438706     
  -3.1411063312078271       -4.8585077042122951        1.0142048773751930     
  -4.4752136108301812       -4.2903853595007589E-003  -2.1960789614034977     
  -3.7828613997987781       -3.4509343646695361       0.90534329656679946     
 -0.26739781802194151      -0.96791570035550423        4.3353619411181024     
   1.0052819024892670       -2.5404628978281054       -7.7843737531237629     
  -5.5110046199232761       -3.9085906527582335       -11.222974309913159     
   5.4913908857594871       -4.8454132941489654        7.3175756111722698     
  -4.7238871008222674       -5.0509493532197540       -2.9811419718710694     
   2.1849086241807063        1.6009765443156616        4.9673219008119611     
  -1.4117770248933015      -0.73030546239506944       -6.8485492167272861     
   4.4437074803077889       -4.4440279078228908        6.6977984312839531     
   4.0342812205564522        5.0176292988184681        14.670483361676572     
  -2.9117232855376702       -2.7988362916824951       -1.3812409504413263     
  -4.3048471051481565        3.7244432815407507        10.384868912065336     
  -2.7171968108360867        1.6587152711846107       -4.2978553824986392     
   2.5595069996546895      -0.78453600807855706       -8.3019095251635395     
   3.9854003319273623       -2.3445980347246893        4.7790851194826889     
   1.3081486561058149       -3.6160277923907804       -3.5221509553727306     
  -3.4532875064323250      -0.81151792857081984        6.4164275854316966     
  -1.8822505167770445       -2.3406575567743051        1.6124008425509511     
   1.6180209793295315       0.69514140210188802      -0.96960645695352676     
   3.0346959480259601        4.5156041896731445        3.1638769060704268     
 -0.51907160486007398       0.43080363195329785        5.0026665966295649     
   1.0422423644645380        5.5172917305198554       -1.6780727504856083     
  -1.5799062143327001        5.7184771837674635        21.820376202971651     
  0.72550689025334170        3.5515871669114381        3.0485918440946587     
  -5.6345052715800330        3.5472920973230773       -3.5007319106015089     
  -4.6921035071386292       -3.0007857986678101        7.5881002973628870     
  -2.7382940267085543        8.1995524695615690E-002  0.61526172951860547     
   3.8095886323700587        3.0190230764026986        5.5277435327721145     
   4.2502425185676413       -3.4010763264848527        9.5899260668352522     
   5.7314972222528269        4.5983886735533783        3.5210639406782072     
 -0.70128373246531961        3.3568367081045087       -2.8573547986683008     
   4.9654781872312350        5.5628081510649192        8.7087080822614826     
  -4.4308964723060695       -1.2455710039349859      -0.31925660970126790     
  -1.1225975448239018        4.6328122908139946       -4.5181875598568118     
   4.0525305353351095       -5.4367115608337402        11.792797243005477     
  -5.2375584208725696       -2.0092887346990000        1.6318679817154922     
  -2.5774772427592181       -5.7096212435209823        2.5220573313481176     
   3.5867253381339168       -1.3062728592739046        5.0749702941243386     
   4.8736199839041534        2.9316788849442550       -5.2143972047799183     
  0.52114131054411583       0.21866636889031929        8.7219899165449579     
   2.0341684301376017        4.8904362956623908       0.76440729100701021     
   2.6946182988844902       0.60900758968705826        9.1234314148247506     
  -3.8812161937899217        1.5689780466507384        3.6845360847821920     
  -1.0636634851819589       -4.8045206060516525        3.8986446376326707     
  -5.6305207457284547        5.6686175610472453        5.1769991732829990     
   1.9419093184768452       -1.7823219357498803       -7.7343834771229751     
  -2.4492401637678771       -1.2110398182380260       0.41265901759300733     
  -4.5013517174558615        5.4913469642584616        9.4112465964604564     
  -1.8333241071017148       0.67473675777463349        8.9835098496935526     
   1.4822079111440079        2.4343658135039132        5.9797269748573587     
   2.2522716125113700       -5.5428592970454114        20.049443668511731     
  -1.5169582518323377        2.6447832930125772        5.3862019788066231     
 -0.97785066750372607       -1.7273612412431998        1.0888778540953168     
 -0.16019907996966665       -4.2289948678718048        3.2917692094307069     
   3.2890384475236880       -3.2088314092429009        7.9502377264945290     
   3.1027315460303959       -5.0089280051289489       -1.6942151110032135     
   2.1095263218713063       -2.7765223170732964        13.264939199900100     
   4.5781378771389551       -1.1468493820686672        3.4592890093804742     
   5.2489525359921095E-002   2.5655621551105812       -4.2276751037872602     
   5.6646809297359120       -2.8512311743286269       -6.4979500055108232     
 -0.82899941818337086       -2.8057789961480255       0.74525620194038700     
   2.5537637712501970        2.6307369472077022        3.2862104531543292     
  -4.3632370379331151        2.6692775441624024        4.1809403275771757     
  -2.7926557661326039       -3.8475904076874299        1.0926330052587045     
  -5.2971898755172209        2.1351973559464050        13.179747572483036     
  -2.0797450823816184       -4.7258569934380237       -6.0731132471103084     
   2.1451242998579958       -4.5328116247892511       -7.3703112560476747     
   2.9676271381488846       -2.1605241957936903       -5.2596534918693899E-002
  0.15236412422259549       -2.1496458109221397        1.2787370634202604     
   6.8252353139126573E-002  -3.2867989723428979       -7.0341928580150759     
  -1.5664275857199705       -3.1808498437335126        8.2129931640352360     
   3.6482086568445835        1.3102892142890690       -7.9137656582972804     
   4.4428589791925930        3.3870246141611511       -7.6284326870388295     
   5.4818201083329132       -1.7466262028173114       -4.7448674222229190     
  -3.5396270547231552       -2.2545647959071355        4.8027216325221360     
  -2.0747585401139150        3.1244623816866386       0.58454298736627686     
   1.2317874395471080       -1.0989903042982359       -2.1747752755534417     
   5.6476203851819458      -0.65169304569729192       -1.4914615936245363     
  -3.5873451670379612       -4.3531435034937465        1.2714506674581731     
  -4.7402088928919746      -0.47006969399632825       -1.8468397639875260     
  -3.5362063107606332       -3.3375714422206229       0.91571619877259447     
   9.7499116290834326E-002  -1.1579595853866256        4.4235745884496138     
   1.0852301127341351       -3.2033864599078483       -8.5917738430240913     
  -4.8682210888463784       -3.6722500926222752       -11.656206497289734     
  -5.4653055474591197       -4.8277524678129495        6.6948997071176768     
  -4.4595045289532429       -4.9469191766833589       -2.3231303776500836     
   1.8835955450306785        1.3177250102510512        4.5969712979086568     
 -0.68465110007612318      -0.50159540377827283       -6.4313774392418726     
   5.1338764378579169       -4.3106797443245277        6.6165261630812227     
   3.3772782149293485        5.5248545956626653        14.837443049086383     
  -2.6493674185572718       -2.8129052982716489       -1.5631695270782908     
  -4.6416531086108490        3.3689414245077915        10.439177809579759     
  -2.9906215370152416        1.9125606719859152       -3.1095602168902845     
   2.4922851572752700      -0.73962920607247529       -9.2315146616699213     
   4.8004386910868648       -2.7195835227668783        4.7487428438494828     
  0.87721492272593493       -4.2210165386038350       -3.1742801363923272     
  -2.8119290248421991      -0.65626562649469011        5.7623424934195571     
  -2.2366671257131432       -1.5361211083623934        1.8716765275450611     
   1.8056377610032497       0.10448257424734798      -0.10562712560326437     
   2.1338170361191597        3.8773120709808051        3.5728051264564367     
 -0.88784865880864738       0.53659077427318114        5.2907739056770069     
  0.87810061820930063        4.6301344575544565       -1.5908311012267811     
  -2.5835924759705753        5.5952671249885890        21.572489082270994     
 -0.10668890358756097        4.0810365911655815        2.5873656949837720     
  -5.6195769785042202        3.6447279987808852       -3.6770864001939074     
  -4.6326026186775335       -2.4355012924344348        7.6061514375363464     
  -2.0849666087138208       0.36995923381206364        1.1620752972538264     
   4.5159299330264409        2.1397536731538467        6.2421230993994596     
   3.8306176977239161       -3.5510372420747283        9.6056512071053248     
   5.0187391348633348        4.3343673112780676        3.7342674365905890     
  -1.1280129212061452        3.4681348429980408       -2.8879820435507950     
   4.4088049645033154        5.4118139065233759        8.9198390373196084     
  -3.7107460029577055       -1.1661713307637427       0.20190575110602468     
  -1.6776137073546191        4.9865415361325089       -4.1610986725725789     
   4.3597167796443950       -5.0993869045097133        11.714935575869688     
  -5.0544876198078157       -1.4505074917505802        1.1436030768873129     
  -3.5062753413253360       -5.3282743951200908        2.0956250660658902     
   4.2279557941896595       -1.5804133425968161        4.8844298498259926     
   5.4272529162128658        2.5938072806218893       -5.7350485407643550     
  0.28233961950101355       0.14444502422841352        8.6275585676607811     
   2.3981944901703023        4.9982325667738259       0.86330161652014636     
   2.7190451669927462       0.66299704344412291        8.6731573414115832     
  -4.1940735794098698       0.62847453489434102        3.7963377391004838     
  -1.2848687039658764       -5.5518040178265355        4.0532655408783045     
   5.4818542240145129        5.3749952317986143        5.3538928503246641     
   2.0064066342584854       -1.8336277896899866       -8.1664081476310759     
  -1.7204117064741977      -0.68803221738967413       -1.5984446280460203E-002
  -4.9672011634665951        4.9829748432230234        9.0599307082048757     
  -2.0731816079487122        1.4062359222882772        8.1033330856372334     
   1.1053495085627234        2.2589662537690316        6.9123827891771210     
   1.6662652947939320       -5.4160001976180121        20.383600571540601     
 -0.94146233826973191        1.8444348775801898        4.9771258473885709     
 -0.91605433420399263       -1.5352716329500355        1.2982716000182279     
 -0.63324599441677876       -4.4091571853882385        3.7716246626834162     
   2.8061436968385163       -3.6854862265759598        8.0261129131645781     
   2.7795796284732242       -5.1364023058070725       -2.2333200489203597     
   2.1311378673797172       -2.8159451896030805        12.796032851892706     
   4.3532583013569388      -0.58667675759344473        3.3745934949687526     
  -2.0907384781555325E-002   2.4521012725274938       -4.8728145146569437     
  -5.7621813676732110       -2.8504224548267070       -6.2933782394559792     
 -0.78842807846269125       -2.5406866210495993       0.89860401433213355     
   2.0280887233769649        2.8430477971885444        4.2281771112199102     
  -4.2002426649255051        1.9627468744391341        3.6632425343759758     
  -2.6071934313911806       -3.8155618881362097        1.6062050446866030     
  -5.1061620829077405        2.4573973055459977        13.776119473316525     
  -1.7849943775751560       -4.5515037214071015       -6.0583546274022275     
   1.9567979879110686       -4.3822392930343348       -7.5823342003706120     
   3.3402949500168582       -2.6083566356873806      -0.68227558113525322     
  0.33774833461174003       -2.4577225138494256        1.0584010966537343     
 -0.21461180764600038       -3.4267753534847891       -7.4524760312427256     
  -1.3250503246151186       -3.0850369409211904        7.9500372837141269     
   3.5278669996323999       0.61528682057298600       -8.2926447579269986     
   4.4979020701563552        2.5694193597436974       -7.2413414481542890     
   5.4543000370509107       -1.6461700653274418       -5.5803511802302879     
  -3.0970614611394325       -1.9630479728535597        4.2629746369292274     
  -2.1809966675752785        3.5979722659971172       0.82282663637948339     
  0.77130840614416551      -0.82597868409170905       -2.8315611520693698     
   5.6290832819312095      -0.60668025866013431       -1.6353296328102809     
  -3.9272950307707886       -4.1870068062288439        1.8342319940051846     
  -4.9235883730690286      -0.41813293663535356       -1.7412958265878360     
  -3.4074931180405903       -2.9736190419457174       0.83404443857573041     
 -0.13438163300914124       -1.3351209666610344        4.3336225466279918     
  0.83824292178065229       -3.8961643353178999       -8.3656409544006038     
  -4.4816549582593366       -3.3034104440867647       -11.938410905328595     
  -5.1839925202647663       -4.8914175591829032        6.5972699946875801     
  -4.3221562790555943       -5.6690126809270609       -1.9469084893383741     
   1.3984240928757310       0.20038474488058533        3.9241854727179195     
 -0.19253812169730292      -0.26642931530170028       -6.4876035854755356     
   5.7149881953061410       -3.8212680391076796        7.3634770832466749     
   3.1284943640910861        5.6201569012470314        15.201295906120379     
  -2.2949161945867473       -2.7160803167577940       -1.8258573305967143     
  -3.7498171844737032        3.7321228978027117        10.639002386325306     
  -3.7862330004572495        1.5759553437968024       -3.2565075346852663     
   1.8782700818357099      -0.91809075274754293       -9.3956049806076134     
   4.6268438025040375       -3.6137404072049071        5.0707088566738712     
  -6.0055574125375599E-002  -4.8015580329860814       -2.8091842180132347     
  -2.3354297411612368      -0.11896720929807293        5.2174964418533341     
  -2.3190532142267721       -1.2880931087987042        1.7626861891477374     
   2.4499525400337041        9.1696528368331684E-002  0.36703888431355458     
   1.7101374084486707        3.2228827946041356        3.9324931374202086     
 -0.78748306811548585       0.67040816147367877        4.8500902146070297     
  0.97590496725911979        4.0768854494264604       -1.5472303288801201     
  -4.0995598849498318        4.7656376893654295        22.115734970893641     
 -0.21623463827230335        4.4999838028350840        2.4630240388224105     
   4.9405537294482702        3.7402752944014965       -2.9097547703937070     
  -4.0532412966258029       -2.1645476568329927        7.3146709049144478     
  -2.6264455928767476        1.5647400095725954        1.8696427331931424     
   5.2637440770034578        1.6869444691972744        6.1542688894457189     
   3.7081287257915965       -4.1746948256832557        9.3239225203159055     
   3.9222227500913269        4.1088440852818495        3.7232783900333764     
  -1.4010053026673925        2.7829918512955225       -2.3346746779347822     
   4.1737044329247706        5.3133296559035310        9.6111586016326473     
  -3.2858803526477436      -0.87100802129738097      -0.37476903606579975     
  -2.2170384797345006        4.6442308401200281       -4.6657244720928892     
   5.1040228265415717       -4.9390531765747179        11.753821183192979     
  -4.8344551876082766       -1.4143628120462521       0.45989354569822483     
  -3.3786630687115942       -5.1283906719453460        2.2499955547568988     
   4.2432173981098629       -2.0517694395292585        4.9481527487747190     
  -5.6970920408435299        2.7961864330108961       -5.7875215245806695     
  0.25500148527519589       0.85677760816178850        8.6235979198372181     
   2.0369940559246631        5.5665707089687455       0.81509418698872327     
   2.0333916337061742        1.2643086206477223        8.0461210858793599     
  -4.5432288504685401       0.70312601017391174        4.0725235774627171     
  -1.8884234854949125        5.6294670301682839        3.9283647773624066     
   5.2432436265559890        4.7369566284438998        4.7480056181570403     
   1.3563929197526392       -2.1664439108123279       -8.3549325015058979     
  -1.2652692796475276      -0.21029732108407456       0.65312339277984466     
  -5.1817575318223748        4.7115712816680961        9.7678523461537736     
  -2.4131717821525172        2.5572483363212450        8.2652270255213161     
  0.58588026578292973        2.9101167941959774        7.3831284150098426     
   1.1040876728321112       -5.3859788314361516        20.920657170411619     
 -0.44481009499238056        1.7600975339691889        5.2653586971083195     
  -1.3260301122869498       -1.1860192632663580        1.9469080079985501     
 -0.91397349357877655       -5.3696417223329194        3.6641104690234503     
   2.2907766918652595       -3.2684810139506175        7.4796298153302434     
   2.9498343208535922       -4.9525807727768436       -1.6991391192135852     
   2.7761208372624036       -1.8595487290922637        12.649413782463482     
   3.4002978220312774      -0.51578685744743646        3.0219666104253169     
 -0.28463924152408138        3.3993156506272801       -4.2912769986920809     
  -5.2477889987227107       -2.3332130674926144       -5.3348271513517096     
 -0.69592874635013879       -2.2877712880498771       0.82334810307220629     
   2.5600521439497896        2.1801827390254784        4.5784789624705482     
  -5.2026075414263175        1.5641511206494674        3.9561247662765355     
  -2.5717380725520962       -3.7044570236542360        2.2892874606447631     
  -4.6336389664888591        3.3217055410614211        13.790243910191087     
  -1.0743974358974595       -4.1440223759650836       -5.4848726948875735     
   1.9266916060155876       -4.7803266196509613       -7.6865363807234042     
   3.5267188046131377       -3.1448043928820986       -1.6488622412892813     
  0.52954607130455456       -2.6123938338708497        1.4974892980084407     
 -0.11378440520837237       -3.4266581725249678       -7.3576716685725785     
  -1.5663308188338487       -2.4962101713496430        8.2307424408855567     
   3.9727692740590035      -0.21337683518735606       -7.9490846174883218     
   4.6855065830943845        1.6240107091306972       -7.5814608120288538     
   5.3125778168730227       -2.2526703341849186       -5.1826423375208464     
  -2.5682781701369373       -2.3535706400076006        4.9102850829370368     
  -1.3093935425425556        4.6284026300034702        1.5430218951902346     
  0.76997172722483587      -0.80439966996184797       -2.6200381630982950     
   5.4636168984818099       -1.2527671318948606       -2.0013546010377881     
  -4.1674077995512668       -3.8097093710831054        2.2639413981141061     
  -5.2701563707678920      -0.63455430320440054       -1.8952126619208849     
  -3.3225628490106098       -3.0816260936874822       0.60628990698575802     
  0.10131722463271930       -1.6612939562392701        4.5358694221499443     
  0.53112337497468087       -4.4931810292579621       -8.0646741957612988     
  -4.2972862612029523       -2.7126443593024212       -11.956671203493158     
  -5.1641290183337247       -4.3300809552602457        7.3328256218876140     
  -5.3604239014162633        5.4108973521068267       -1.9291314328507294     
   1.0832079849186484       0.19181315905988458        3.8144968524920775     
 -0.27092263510655845      -0.66497086389718651       -7.3433989524819889     
  -5.3965203571345404       -3.1562192380942222        7.6160614280227845     
   3.3263586235042055        5.4491479292261635        14.123813609935826     
  -2.0786530548475883       -3.5251084251141829       -1.4215431847775313     
  -4.0167060086057083        2.8520463279531763        11.081789349609910     
  -4.2095558168146328        1.8450621235958105       -3.7821998434718873     
   1.8681601322091714       -1.0698143479651656       -10.135128544468810     
   5.0209041717397342       -4.3467302322232584        4.9460868937526437     
 -0.59482264734537860       -4.8322806807277106       -2.8745275862091089     
  -2.4377798345837633      -0.11790710919147382        5.2208274458663020     
  -2.2735489697126701       -1.1556361500265844        1.2642541720975882     
   3.0784848298351903       0.52622420626611155       0.34297848946114085     
   1.5550535914763182        2.9280986917556389        4.0338719504582112     
 -0.31828110074973087       0.54156347672020666        4.8848554694904118     
   1.0014129131387439        3.8052186868438160       -1.1263536287250364     
  -4.3843989154385143        5.1490557934229875        22.274721984964081     
 -0.29439505766296442        5.0655578320839112        2.1854352538097297     
   3.6211027845797958        2.7442973147967171       -2.7009168117257123     
  -3.6616110511539981       -1.9113625863534018        7.5210019789055824     
  -2.9066553923065155        2.3394083258563212        1.9626937010791348     
   5.4639103441173154       0.94759435672609327        6.3156454910650046     
   3.4471287604335266       -4.5148836348309569        9.8005870872658498     
   2.5832487258550638        3.3166088547364261        3.6492246262942878     
  -1.7897741431952627        2.2981595439700468       -3.0601593515439087     
   3.2189737835519971        4.0767176005408103        9.8554955561848132     
  -3.2470457131722537      -0.94496933181484510       -1.1157909900855372     
  -2.5305633424805101        4.7921868506220680       -5.0538256813363551     
   5.0772523403695953       -5.7317360005649816        11.220489765036548     
  -4.2808140548142504       -1.0235623412788879       0.31664785128011991     
  -3.8682534892989060       -4.9552684279866153        2.7396410636146364     
   4.2672991790645245       -2.6771952423868060        3.8921180138312650     
  -5.0008761535488473        2.6900855209806673       -6.3146046488422067     
  0.68268699946436417        1.1577332847955404        8.7382153968851188     
   1.8856253266696790        5.7659441099076920        1.0525452825853514     
   1.1588985941687799        2.0444993411834789        8.4358267009677892     
  -4.9460422000848325       0.61426763965982067        3.4918979483373240     
  -2.7909002345866689       -5.6412931670956459        3.7962244430879064     
   5.1949873720007504        3.4601835181226988        4.6447070849005092     
   1.6241370878133301       -2.7738444011861652       -8.4464802525093390     
  -1.4032003553197929       0.37201798124027119       0.55066193687711906     
   5.6064665729838872        4.4266517868294386        9.7492511705495115     
  -2.7925856831820206        3.5138461029016201        9.0029505675395161     
  0.42074728883691398        2.9542086221662984        8.0985432750822586     
  0.76609237965641008       -5.5706658775642479        20.374658311931796     
 -0.25744151825887046        1.7018337312474676        5.3924709878119570     
  -1.2699205067452530      -0.72537234932773720        1.8849324088884254     
  -1.7366983499347695        5.6803444025478704        3.8377775703028054     
   2.9398574873473500       -2.8546234276253011        7.6903193193334465     
   2.7240143110249053       -5.2612984586901597       -1.0504583255570550     
   3.8855085534252476       -1.5747941255362645        12.501910071769185     
   2.6260823498458872      -0.37103179641403744        2.5884526040040505     
 -0.89810043990947663        3.5322373376838470       -3.8031779052217924     
  -5.0539389103532262       -1.8932987359912845       -5.9021273935550562     
 -0.45620179591770854       -2.5031454185130073       -1.7535942158259221E-003
   2.6938247764414966        1.6626828556657607        4.7073043522526188     
  -5.3104007752834645        1.6643853004872595        3.7016946958075203     
  -2.9905699710339113       -4.0621562164956453        2.9487116107796156     
  -4.4092313523577324        4.0511137206164962        13.713513772077340     
  -1.0569750124018460       -3.7832630412210180       -6.0253616774611887     
   1.7589531156011613       -4.6433550437046831       -7.6631618536718458     
   3.7764051139925909       -3.5886563678359034       -1.2993840952230487     
   1.0057921605819586       -2.6335148345491173        1.2135367408546778     
  0.35054592038282428       -3.5111398152773305       -7.4959606264758678     
  -1.3027072600817124       -1.9024691545508796        7.1888825545557538     
   3.9614432882524597      -0.82497085270891635       -7.6563428069855517     
   4.3496229349377327        1.5937323705243223       -7.9854280425777135     
   5.6540220639978704       -2.0894612697232460       -4.9010570857443483     
  -2.3798236667693553       -2.2719246084048059        4.5489395864284248     
  -1.5060764270227753        5.5685159597009237        1.2956250903242310     
  0.36502811348823166      -0.82719281606828421       -2.9533671954137173     
   5.0678798369678155       -1.2265780103338140       -1.7923159108266384     
  -4.2806819813014085       -3.4960685715070849        2.2116435930093457     
  -5.3228502530354955       -1.2135096712010067       -2.0249569038785196     
  -2.5605125612782733       -3.2861707233170541        6.0389934346857209E-002
  0.32710823130548738       -1.9323620176989567        4.6743675227894377     
  0.14446516797274561       -4.7062158824397757       -7.8820249630195383     
  -3.5880300653496398       -2.5545390905692358       -12.320370617882741     
  -5.3606875885031080       -3.9357214987611160        7.6244217426324816     
   5.7590663115002023        4.9296408177900739       -2.4411778872484988     
  0.63023637393714238       0.17637112795091017        3.2544410199231026     
 -0.50797247142907032       -1.3080705872621843       -6.7776950313542415     
  -5.0160830015818654       -2.7638854326476943        6.9097283206764679     
   3.9657056990715049       -5.7160884507593677        13.906265690535013     
  -1.8485651363282996       -3.9702534725747953       -1.5501026667425692     
  -3.6702375824619016        2.3175138807919011        11.397238042092440     
  -4.8320918154899140        1.5687582341172492       -3.6587063038840437     
   1.8766059113199256       -1.4132439793216913       -9.9595690539058523     
   5.2457908475416088       -5.0025180172645651        4.8009222869496426     
  -1.5676099535162626       -5.0036071405908098       -3.0111829163708475     
  -2.7118568223295467      -0.29679928180330339        4.5030918078739131     
  -1.4080963350990567      -0.60159051242273665        2.0323910665464306     
   4.0257842838877513       0.29654898184969886      -0.49215867502527294     
  0.64702470314709737        2.9422855831054733        2.8182942177717210     
 -0.53095959031543616       -3.8306028612702291E-002   4.1407025553540215     
   1.0419478302612100        3.9070820040744487       -1.1057421873043984     
  -4.8111633254309281        5.4112177983799317        21.667755966721657     
 -0.56599997262999524       -5.5111506155599228        1.5745278947204282     
   2.8548522173043982        2.5987481730382811       -2.5574426880941705     
  -3.2609393141781813       -1.3137504167691310        7.4917962821056907     
  -2.8876493841859778        3.1456196873836020        2.1393675412763087     
   5.2086978608322001       0.25253164092451008        5.9551103188248264     
   3.3223944802389518       -4.4238116233244398        9.9767096227163190     
   1.7447027241775859        2.8444391497982520        4.1648760756913275     
  -2.6309847968872151        1.8661718538621854       -3.0170353750966199     
   2.2656179234516123        3.8531113185758792        9.3006389126090809     
  -2.2011343555860505       -1.2462485700721060       -1.2372355168117408     
  -2.4936672656192478        4.9358532254252383       -4.8794034968747200     
   4.9332411671201868        5.4834615310749699        12.124637099052647     
  -3.7328981740547040      -0.24754154273974552       0.48325197419467203     
  -4.7995869656507448       -4.8111082774702298        2.8946692582161453     
   4.1178487206292775       -3.3219502437401234        4.3169097820914955     
  -4.5743869102767016        2.7528148774629475       -5.9680308613266932     
  0.23961895132389208        1.1484886727379706        9.3669668139391895     
   2.1286092862118533        5.4520955395110580       0.87567183194601561     
   1.2214008938844949        1.8366609958216125        8.2193345728944394     
  -5.3656731305157761       -8.1234408726269455E-002   3.7073414978304311     
  -3.5920454176325127        5.3766797126399517        3.5029310668594489     
   5.3643309315288876        2.4882329372997205        5.6085918950014593     
   1.3605611770670303       -3.8682982177986154       -8.2808098692927441     
  -1.4816175397540055        1.3807650359005197       0.73071910563219944     
   4.4224747478321857        4.4332865945348727        9.4145833760764805     
  -3.6312931119345793        4.2751738928318535        8.8881520489960479     
  -8.9328828183628486E-002   4.0485945024343613        7.8626898152751190     
  0.42335395820147442        5.7068147766071506        20.738304449512547     
 -0.53561144683392703        1.9223367309484234        5.1674278133092058     
  -1.8011194052577066       0.40468275481260751        2.4157941152261251     
  -2.4751532229481521       -5.5214146965827853        3.9372941203730250     
   3.0452156426598775       -2.0389451674096595        7.9743898323915383     
   2.9148467952293524       -5.3386836374776294      -0.92252850500501260     
   4.1919641591359023       -1.8611440382803011        12.045447297269265     
   1.9583974159796893      -0.27851154811597723        2.9044383096151343     
  -1.9708301711127525        3.9058038720442267       -3.5054166480074986     
  -4.3521701406584734       -1.4781514819527712       -5.0153166189219132     
 -0.44084161763960850       -2.7043761432785844       0.27698642538637308     
   2.9762090492622337        1.0405354984146062        4.3363262809130658     
   5.3860082202127746        1.3774229939190734        3.9534273721625750     
  -3.5418449300416333       -4.4808881872954851        2.5088892234871785     
  -4.6418792057435647        4.3445896271804827        13.510716877484489     
 -0.60771440868433535       -3.9244621198366580       -5.7195108696399153     
   1.5900923243874217       -5.0818066677617235       -7.7300822906609401     
   4.3690432541573401       -4.3064254788550986       -1.2147715209700549     
   1.2208301541115512       -3.1599397326731489        1.3502607770500044     
  0.22708524449685424       -3.8844824107825513       -7.5418116639505399     
  -1.0780642822520252       -1.9935697821981651        6.6085372671871250     
   3.9919065829340528       -1.5761078165447842       -7.2757899929107586     
   3.9680248107870368        1.5475242743496940       -8.1985507222761225     
   5.6563842583086563       -2.3061894404459440       -4.9186149707491076     
  -2.0307203694969460       -3.3637780996703293        4.0215227174293027     
  -1.5223365458118989       -5.7541283096787295        1.7869717793853266     
  0.41087702836130074      -0.97800535848806380       -2.4960262258098851     
   5.0952700248258465       -1.4484938060484220       -1.2509340836131593     
  -4.0363873539895039       -2.8232866840155451        1.8030186694917127     
  -5.3143733685189085       -1.4677312796178177       -2.4831556351180968     
  -3.0053037033084657       -3.7809937989150395       0.20310531032984092     
  0.88776482121400335       -2.1395460249768332        5.2383133058261686     
 -0.15415243978472179       -5.4770681805248618       -8.4934603151635226     
  -2.7127669427424319       -2.5858085938574873       -12.941858411692797     
  -5.2378185939511015       -3.1248465011039870        7.9210165177740510     
   5.3843662245975823        3.7275764347235647       -2.6888647028303532     
  -4.8160965112327633E-003  0.27217795338571232        2.6047640106424974     
 -0.57130642098715678      -0.95304978679638142       -7.6239384949251550     
  -4.3170600879814227       -1.7874069152756966        6.3691941895508091     
   4.4214942481433299       -5.3585087781509673        13.803849086537776     
  -1.7736711374508431       -4.5111026230348701       -1.6145994986907943     
  -3.5816494708718105        1.4866981131798234        11.919819789011459     
  -4.9249643111828245        1.1430582970898642       -3.0161370408968273     
   1.4555535759252411       -1.1202095054080152       -9.6046605962682374     
   5.4469154364548151       -5.3382355281558249        4.8786658269605514     
  -2.5251783420054186       -5.2436735805558179       -2.8008465421274007     
  -2.9084329463492060      -0.61261784004736175        4.3071037281120930     
  -2.1770148694737972       0.26737656164758616        2.2280038084768625     
   4.4907326378736148      -0.47727852756273015       -1.0672495821803833     
 -0.37716345784963451        3.6003125976446504        3.0240260115352178     
 -0.98434039807533047       0.17006578955279847        3.9036596445594300     
  0.94019783389606737        3.6056004227088736       -1.2571901120975044     
  -5.1628034681653778        5.7283134989743925        22.185392497321487     
 -0.71973277256791979       -4.5511040024753306        1.7490492972204410     
   2.8395353493992155        2.0751273741247824       -2.7999035878226688     
  -3.3717770283672168       -1.4716599076467773        7.6509009889533388     
  -3.3764326595351783        3.2612864416018938        1.9221931987511489     
   5.5782779605368003      -0.15520383780512292        5.9709857595653917     
   2.5076855299684579       -4.5387789734818194        9.9091103829907965     
   1.9558179435955767        2.7047283716888249        4.5224140849601406     
  -2.9414264006244082        2.2920429396887174       -2.7740204855820543     
   1.5982130909679089        4.4252517880307511        9.0130661207556688     
  -2.1415822257023951       -1.6863293342704357       -1.1641269853171501     
  -2.5679837555547036        5.2427325292398015       -3.8000478318294975     
   5.4498625261602083        5.0382137698459593        11.830350330203787     
  -3.8881400808266982       0.40699370451114653       0.79289203521213780     
  -5.7138150973216018       -4.2457640552198868        2.6936219100313115     
   3.6554602692948581       -3.9182877365887241        4.5978967570556328     
  -4.3883646746811511        3.1618968275891519       -6.3953258089591944     
   3.8442952012006634E-002   1.3286735244041223        9.4749983433771590     
   2.7162425723491483        5.2521778884919206       0.21020478149895164     
   1.0115149817005622        2.4398375787847946        8.5526860646377187     
  -5.0121115089176529      -0.19022743233289022        3.6779119723682352     
  -4.2240270569617167        5.1437152185002661        4.5828583293437557     
   5.7250914493871754        1.6792275790539475        5.7103943145458151     
  0.97300015798847783       -4.6139204401161900       -8.7603565096849660     
 -0.92337170811190228        2.0106360078195378       0.73017147898629631     
   3.9635482048915351        4.1039182130089209        9.0640204602365451     
  -4.0452646023422485        4.1672727496655524        9.2348714578703994     
 -0.20191628231753189        5.0427886439228837        7.3446999437216398     
  0.81065411696419198       -5.7677289520263937        20.383592119260001     
  -1.7305992143148952E-003   2.3810938328003952        6.2277711955548813     
  -2.4386175413171980        1.3587646407564493        1.9212574312534361     
  -3.6241547801820992       -5.3527979463120561        3.9163463847500775     
   2.9376628753017338       -1.2916223343833839        7.6333745730761011     
   3.4070175932416142       -5.3904982731285713      -0.85329127420482420     
   4.5772000599174802       -2.5238924428865910        11.952897868019850     
   1.0058126011954431       -4.8607047542718912E-002   2.8145367845043290     
  -2.8560198545703677        4.1780443751062428       -3.4304651474743233     
  -4.0031972983753432      -0.60860620139133814       -5.3545527167314839     
 -0.11426199099020078       -2.4870504985768460       0.49506025876165299     
   2.3224571650450563       0.51794127361292275        4.1237351701538509     
   4.8874974570738283        1.0842719106372072        3.7671970398126464     
  -4.3023416554842848       -3.8271097127369091        2.3252789593515906     
  -5.1511460493884433        4.5132428935668294        13.218797248606604     
 -0.75898395694422671       -3.3154885265304137       -5.3399183796049821     
   1.8378229326203361       -5.7165651508707871       -7.8025664053955985     
   4.8240125931295390       -4.4143955847790295       -1.2765531681593159     
   1.5058368169819369       -3.4464685274066280        1.7539423204871678     
  0.51433911022001033       -4.0926503054492303       -7.2718584318512383     
 -0.18589359339269138       -2.0821073564859485        6.3678521802931236     
   3.9984439379591805       -2.3255545437253229       -6.8867770509646267     
   3.3931673261731081       0.93836614826945020       -8.5105487625610916     
  -5.6866912544419232       -2.5617605369427188       -5.0752783989685852     
  -1.9579363627414814       -3.8793451703839259        3.9055542682452984     
  -1.7911176064499275        5.6666799159752745        1.4506395132682477     
  0.50976415750170390      -0.88984272139495646       -2.7251485561200197     
   5.0501938505089079       -1.9627182063272759       -1.0045051895170367     
  -3.5348310670792848       -2.3932898346306177        1.7810725879730249     
  -5.4514379356134244       -1.5542857408394870       -2.3565611231083872     
  -3.0951195678109564       -4.1739121408454469       0.43073525270277352     
   2.0733208095634517       -2.5084595598754360        5.4108432216599311     
 -0.69890305657075391        5.5740789583890766       -8.3176900774542410     
  -2.4439751709052691       -2.8648199896079167       -13.360629546236598     
  -4.6295400427761271       -2.6468871402171197        7.5376181602655956     
   4.2800017087384816        3.7028839193791732       -3.0969792991984604     
 -0.81792308393004709       0.66756464256122561        2.6355257816712441     
 -0.46790487509970741       -1.0408121483704289       -7.2024162981482016     
  -4.3465060704495553       -1.5136187594774824        6.3176512594912282     
   4.2101409839869133       -5.2836422136753818        13.169386276948835     
  -1.0537489467013641       -4.9556401611594563      -0.75280475156252802     
  -2.9635686994886035       0.84415729636197634        11.767564807441650     
   5.7308834075132680       0.47746794381526836       -1.7797277166432732     
   1.6357045130524270       -1.2287464366961094       -9.5362892966283184     
   5.2310481611842992       -5.5587090654201416        5.4347633853167725     
  -3.4906907957156021       -5.5265998516999257       -2.3283726008029397     
  -2.6299772041289002      -0.58953261176458338        3.2052364475309485     
  -2.1088039796926394       0.35054235536801104        2.1244022151916022     
   4.4320007542765740       -1.0832887867638761       -1.3281429174672770     
 -0.70351575099198027        3.6696865037228656        2.9819996289341346     
  -1.6386078577503604       -1.0750220419218219        4.0409668630470863     
   1.3998352505640972        3.0645347769530984      -0.54299421055880814     
  -5.2965408626724679        5.7483523968047097        21.860821985185293     
 -0.86127138062991238       -3.6053150477403983        1.9209087221183372     
   1.9667160897870963        1.1092693820616091       -2.0047745155328487     
  -3.2900947619199505       -1.3802059900371344        8.2637820813997536     
  -3.1574373704319383        3.3839712916178675        1.4699405066057087     
   5.5429203227011996      -0.57391233991770030        5.9452578349207652     
   1.7652889438881683       -4.8452684767908609        9.9228576489567413     
   2.0423974668838691        2.3077379298283338        4.5281049716310564     
  -3.1015719963750263        2.1114318293144887       -2.1026437125714925     
  0.97791726042783256        4.5752926400963769        9.1415367341967713     
  -1.2152308730781596       -2.0046771585029082       -1.1007133153563706     
  -2.7960505292164379        5.1614300486972571       -2.9962982934472016     
   5.1429622655261751        4.6254263274418150        11.641701976949831     
  -4.0099575129605300        1.1365405746993389       0.87218007123370855     
   5.6303352150548163       -3.6512795914815932        3.0638977570044044     
   3.1701213108909672       -4.6982933597039533        4.6133906938067808     
  -4.0233437501556901        2.7264587419024422       -6.1548737624613246     
 -0.31511090483065174        1.6158581192926982        9.1568197162172726     
   3.6783377527517378        4.7353682528601659       0.33871154654704277     
  0.93302282841222484        2.1613282611089990        9.2257640080675412     
  -4.8537087823706626      -0.52934136916025953        3.8704818864443391     
  -4.3790169637568699        5.0636645171633274        4.5192101029206961     
  -4.8860523754951126        1.8758549649457839        5.8830164637036884     
  0.10332696680253586       -5.1702138105355493       -8.7667426893393436     
 -0.87352845776939192        2.4714014546005574       0.92653219111130858     
   3.1406039411113604        3.7224453192227656        9.6987049260776050     
  -4.5145493319722734        3.9877533666002742        9.4633726464281533     
   4.2529878815692417E-002   4.8625725332585024        6.8842278459303756     
   1.2910696343102075        5.7281917198735464        20.087443846142399     
  0.15264902609279560        2.7221718064353642        6.1776650903274710     
  -2.0186188825247298        1.7850427493852414        2.2985087348893942     
  -4.6168979924350637       -4.9641067402840537        3.1993739244141302     
   2.6926988051066147      -0.72064770499995645        7.5617270326125938     
   3.0546967190242724        5.6822031438136955       -1.9106933585984220     
   4.6147338138213190       -3.1636809368744756        12.267140563290216     
  0.33120964025471822       0.72182035886926621        3.0038514747831218     
  -3.5692533892680141        4.3936376553577885       -3.3676596791971325     
  -3.5142930794218352       -7.4122618827436926E-002  -6.0698199876015053     
  0.90657051803587563       -2.0305478676277580      -0.19917546736945177     
   1.8465179127985694      -0.16239968645018787        3.4472776923163391     
   4.0889722535760669       0.10846943653547129        3.8186188166707926     
  -4.8241616400435392       -3.8204342842943340        2.8425628952435278     
  -5.3204114392704582        4.5815479291458994        12.403586053446189     
  0.25998175156833453       -3.0295487235120073       -5.7546433941678288     
   2.0855192246291638        4.5572538092345463       -7.9789427452180277     
   4.7075110222706185       -4.3316457428281732       -1.0577771962676490     
