v0/(sigma.kT)	first_cumulant	error
0	-8.041078749504743328e+00 3.476980202769389561e-03
2	-8.153368583243803869e+00 2.304920727584368421e-03
4	-8.422067200517947327e+00 2.607391294354977161e-03
6	-8.896984362948998637e+00 4.158583023556007389e-03
8	-9.295872234009417312e+00 4.809490028470761805e-03
10	-1.011485254523611843e+01 4.967854296389028618e-03
12	-1.075159437666631845e+01 5.630389803597185723e-03
14	-1.109856855840333623e+01 6.933267198447663586e-03
16	-1.172187619115910096e+01 7.652134793586520822e-03
18	-1.212543655168072831e+01 8.226844254892430597e-03
